1,378
2,454
3,549
4,633
5,706
6,785
7,783
8,796
9,774
10,763
11,778
12,777
13,761
14,769
15,778
16,781
17,791
18,807
19,815
20,811
21,795
22,794
23,790
24,768
25,764
26,755
27,743
28,737
29,738
30,760
31,768
32,779
33,776
34,791
35,795
36,808
37,812
38,825
39,850
40,817
41,834
42,819
43,814
44,801
45,798
46,791
47,795
48,776
49,756
50,781
51,771
52,780
53,804
54,824
55,840
56,835
57,836
58,825
59,812
60,790
61,795
62,796
63,769
64,760
65,756
66,766
67,770
68,766
69,797
70,824
71,815
72,828
73,846
74,843
75,830
76,817
77,820
78,843
79,839
80,826
81,845
82,830
83,834
84,836
85,843
86,850
87,849
88,834
89,818
90,818
91,796
92,797
93,803
94,801
95,792
96,802
97,806
98,816
99,806
100,812
101,833
102,836
103,826
104,823
105,832
106,819
107,813
108,812
109,835
110,820
111,804
112,809
113,799
114,794
115,786
116,778
117,771
118,786
119,781
120,795
121,796
122,788
123,801
124,810
125,815
126,825
127,827
128,811
129,809
130,807
131,822
132,827
133,814
134,832
135,816
136,805
137,820
138,814
139,810
140,808
141,808
142,811
143,818
144,807
145,828
146,843
147,842
148,856
149,866
150,875
151,865
152,868
153,864
154,853
155,848
156,830
157,809
158,799
159,779
160,783
161,778
162,777
163,776
164,780
165,771
166,787
167,789
168,804
169,806
170,776
171,777
172,778
173,789
174,801
175,815
176,811
177,798
178,804
179,819
180,840
181,834
182,834
183,825
184,809
185,819
186,809
187,841
188,837
189,816
190,813
191,830
192,818
193,835
194,845
195,819
196,829
197,816
198,789
199,820
200,827
201,842
202,837
203,844
204,839
205,853
206,871
207,874
208,894
209,886
210,882
211,861
212,865
213,860
214,860
215,850
216,839
217,836
218,805
219,798
220,803
221,806
222,820
223,791
224,772
225,773
226,764
227,767
228,774
229,783
230,778
231,767
232,752
233,778
234,797
235,789
236,781
237,768
238,788
239,781
240,780
241,791
242,791
243,776
244,759
245,756
246,779
247,777
248,772
249,762
250,766
251,742
252,740
253,753
254,779
255,788
256,788
257,831
258,836
259,837
260,839
261,847
262,841
263,832
264,812
265,811
266,811
267,796
268,791
269,793
270,762
271,761
272,781
273,790
274,821
275,822
276,805
277,781
278,790
279,796
280,827
281,837
282,825
283,801
284,780
285,769
286,771
287,793
288,787
289,800
290,791
291,792
292,794
293,793
294,786
295,788
296,801
297,780
298,766
299,756
300,769
301,765
302,761
303,767
304,761
305,786
306,793
307,814
308,816
309,807
310,797
311,801
312,783
313,807
314,827
315,825
316,817
317,811
318,807
319,812
320,821
321,839
322,855
323,838
324,832
325,838
326,834
327,831
328,841
329,848
330,841
331,827
332,849
333,851
334,858
335,830
336,836
337,828
338,830
339,824
340,812
341,807
342,796
343,802
344,781
345,797
346,777
347,772
348,782
349,771
350,777
351,776
352,773
353,775
354,781
355,774
356,787
357,774
358,770
359,776
360,777
361,788
362,785
363,775
364,769
365,788
366,799
367,820
368,807
369,813
370,817
371,801
372,814
373,802
374,826
375,829
376,816
377,822
378,825
379,827
380,821
381,819
382,804
383,829
384,826
385,812
386,812
387,818
388,823
389,826
390,843
391,838
392,833
393,820
394,812
395,818
396,846
397,838
398,840
399,835
400,818
401,824
402,830
403,843
404,837
405,846
406,817
407,825
408,827
409,843
410,841
411,842
412,849
413,827
414,826
415,822
416,823
417,815
418,809
419,785
420,792
421,801
422,798
423,813
424,818
425,805
426,807
427,793
428,767
429,777
430,775
431,762
432,749
433,752
434,763
435,752
436,747
437,746
438,767
439,768
440,773
441,793
442,791
443,782
444,765
445,774
446,773
447,775
448,790
449,779
450,778
451,775
452,796
453,801
454,807
455,806
456,821
457,841
458,847
459,840
460,834
461,820
462,816
463,810
464,807
465,811
466,793
467,785
468,763
469,788
470,781
471,788
472,766
473,766
474,763
475,750
476,760
477,768
478,779
479,762
480,777
481,767
482,779
483,775
484,770
485,772
486,768
487,745
488,751
489,757
490,749
491,753
492,776
493,773
494,788
495,795
496,801
497,808
498,800
499,795
500,786
501,789
502,778
503,794
504,797
505,802
506,790
507,791
508,799
509,799
510,816
511,825
512,830
513,837
514,835
515,827
516,827
517,843
518,830
519,831
520,824
521,819
522,797
523,779
524,776
525,801
526,791
527,798
528,788
529,798
530,790
531,799
532,830
533,824
534,820
535,794
536,815
537,795
538,813
539,805
540,812
541,798
542,770
543,791
544,793
545,779
546,783
547,767
548,775
549,769
550,768
551,771
552,779
553,777
554,781
555,803
556,800
557,817
558,796
559,814
560,826
561,841
562,848
563,843
564,838
565,829
566,847
567,850
568,861
569,861
570,869
571,856
572,844
573,851
574,856
575,871
576,847
577,856
578,846
579,853
580,842
581,850
582,863
583,845
584,841
585,846
586,839
587,815
588,819
589,792
590,779
591,763
592,755
593,772
594,764
595,751
596,759
597,751
598,764
599,772
600,791
601,779
602,769
603,760
604,757
605,745
606,747
607,756
608,759
609,745
610,744
611,766
612,785
613,781
614,787
615,794
616,782
617,785
618,782
619,779
620,770
621,788
622,787
623,787
624,789
625,790
626,818
627,816
628,814
629,824
630,829
631,803
632,794
633,794
634,800
635,805
636,785
637,792
638,771
639,772
640,779
641,805
642,795
643,793
644,779
645,779
646,795
647,776
648,781
649,808
650,784
651,770
652,773
653,773
654,776
655,776
656,768
657,777
658,781
659,748
660,751
661,737
662,748
663,763
664,771
665,782
666,793
667,803
668,804
669,814
670,821
671,829
672,835
673,813
674,804
675,790
676,782
677,774
678,794
679,791
680,790
681,783
682,781
683,794
684,794
685,798
686,788
687,811
688,802
689,791
690,793
691,791
692,788
693,799
694,833
695,836
696,858
697,840
698,824
699,859
700,869
701,883
702,889
703,888
704,859
705,842
706,840
707,842
708,849
709,842
710,821
711,797
712,778
713,764
714,763
715,762
716,742
717,765
718,768
719,747
720,761
721,768
722,771
723,792
724,800
725,799
726,805
727,798
728,809
729,811
730,805
731,821
732,834
733,807
734,801
735,804
736,809
737,808
738,806
739,801
740,810
741,825
742,822
743,841
744,855
745,870
746,867
747,851
748,846
749,867
750,861
751,839
752,838
753,819
754,824
755,833
756,838
757,853
758,862
759,857
760,850
761,841
762,840
763,850
764,837
765,846
766,850
767,851
768,841
769,837
770,852
771,869
772,865
773,854
774,851
775,823
776,815
777,806
778,801
779,796
780,792
781,777
782,777
783,802
784,824
785,815
786,803
787,799
788,801
789,795
790,800
791,809
792,821
793,796
794,765
795,776
796,799
797,792
798,799
799,812
800,814
801,806
802,794
803,796
804,801
805,815
806,797
807,803
808,800
809,802
810,790
811,782
812,785
813,799
814,806
815,797
816,802
817,796
818,782
819,786
820,764
821,777
822,769
823,770
824,765
825,762
826,767
827,770
828,781
829,777
830,807
831,814
832,843
833,828
834,833
835,839
836,827
837,830
838,833
839,831
840,819
841,812
842,778
843,783
844,787
845,778
846,773
847,780
848,765
849,750
850,767
851,753
852,761
853,767
854,761
855,758
856,761
857,755
858,762
859,782
860,774
861,813
862,823
863,819
864,804
865,821
866,828
867,822
868,836
869,832
870,820
871,797
872,790
873,777
874,797
875,774
876,772
877,770
878,761
879,752
880,747
881,737
882,745
883,757
884,741
885,764
886,774
887,770
888,761
889,782
890,798
891,803
892,801
893,797
894,797
895,779
896,775
897,801
898,817
899,801
900,801
901,817
902,806
903,825
904,824
905,827
906,823
907,808
908,804
909,817
910,804
911,791
912,793
913,782
914,782
915,783
916,780
917,778
918,776
919,772
920,779
921,786
922,787
923,777
924,778
925,774
926,776
927,776
928,771
929,765
930,749
931,751
932,755
933,777
934,781
935,790
936,796
937,788
938,789
939,790
940,810
941,820
942,814
943,820
944,821
945,819
946,826
947,826
948,828
949,819
950,820
951,814
952,835
953,841
954,868
955,860
956,839
957,853
958,875
959,881
960,884
961,869
962,850
963,836
964,833
965,856
966,850
967,843
968,819
969,820
970,823
971,823
972,838
973,822
974,818
975,800
976,809
977,828
978,826
979,826
980,801
981,828
982,813
983,830
984,803
985,804
986,789
987,780
988,784
989,775
990,785
991,760
992,769
993,767
994,773
995,786
996,808
997,803
998,800
999,812
1000,811
