1,41
2,51
3,57
4,62
5,67
6,74
7,83
8,92
9,97
10,107
11,117
12,125
13,135
14,142
15,154
16,159
17,164
18,175
19,180
20,183
21,197
22,206
23,211
24,218
25,225
26,234
27,238
28,245
29,263
30,270
31,278
32,282
33,288
34,294
35,303
36,308
37,314
38,319
39,326
40,337
41,340
42,355
43,371
44,377
45,383
46,389
47,395
48,401
49,408
50,414
51,424
52,429
53,438
54,448
55,451
56,459
57,470
58,478
59,486
60,494
61,501
62,505
63,516
64,525
65,532
66,542
67,547
68,556
69,565
70,571
71,575
72,581
73,590
74,603
75,612
76,618
77,624
78,634
79,643
80,650
81,657
82,661
83,667
84,676
85,684
86,687
87,695
88,700
89,708
90,711
91,722
92,731
93,740
94,749
95,761
96,770
97,767
98,761
99,760
100,760
101,756
102,759
103,756
104,760
105,760
106,760
107,763
108,762
109,766
110,762
111,762
112,761
113,756
114,761
115,758
116,766
117,768
118,767
119,770
120,775
121,775
122,779
123,781
124,785
125,781
126,781
127,784
128,783
129,770
130,770
131,766
132,769
133,771
134,772
135,773
136,774
137,774
138,776
139,779
140,773
141,777
142,770
143,757
144,758
145,765
146,765
147,771
148,767
149,771
150,771
151,769
152,768
153,770
154,770
155,778
156,778
157,775
158,775
159,772
160,771
161,772
162,771
163,767
164,763
165,763
166,762
167,765
168,766
169,763
170,768
171,777
172,781
173,783
174,779
175,776
176,781
177,780
178,779
179,780
180,780
181,789
182,799
183,798
184,794
185,795
186,802
187,803
188,805
189,809
190,813
191,815
192,815
193,816
194,812
195,808
196,806
197,811
198,812
199,812
200,818
201,822
202,818
203,827
204,828
205,835
206,836
207,831
208,835
209,834
210,837
211,837
212,840
213,842
214,840
215,842
216,839
217,838
218,841
219,838
220,835
221,831
222,827
223,828
224,823
225,828
226,826
227,829
228,833
229,838
230,838
231,840
232,841
233,837
234,839
235,837
236,836
237,842
238,839
239,836
240,837
241,834
242,835
243,840
244,840
245,835
246,833
247,825
248,828
249,825
250,829
251,830
252,835
253,832
254,828
255,828
256,836
257,835
258,832
259,841
260,839
261,840
262,843
263,845
264,851
265,852
266,853
267,860
268,860
269,859
270,856
271,853
272,852
273,851
274,850
275,853
276,853
277,855
278,856
279,850
280,854
281,848
282,842
283,847
284,851
285,847
286,846
287,842
288,843
289,838
290,840
291,836
292,832
293,830
294,835
295,834
296,837
297,831
298,838
299,840
300,840
301,840
302,838
303,830
304,824
305,817
306,818
307,817
308,814
309,817
310,818
311,816
312,816
313,818
314,819
315,818
316,816
317,813
318,809
319,806
320,809
321,809
322,812
323,809
324,808
325,808
326,810
327,811
328,806
329,813
330,819
331,821
332,822
333,828
334,826
335,824
336,828
337,823
338,827
339,833
340,835
341,837
342,836
343,833
344,832
345,833
346,840
347,845
348,848
349,847
350,845
351,845
352,847
353,852
354,858
355,859
356,845
357,843
358,845
359,840
360,843
361,843
362,842
363,842
364,839
365,841
366,832
367,824
368,820
369,828
370,825
371,823
372,823
373,819
374,820
375,817
376,812
377,815
378,807
379,807
380,803
381,798
382,801
383,799
384,798
385,797
386,798
387,804
388,803
389,807
390,807
391,804
392,807
393,807
394,803
395,808
396,812
397,813
398,812
399,813
400,812
401,812
402,811
403,817
404,822
405,826
406,823
407,826
408,823
409,821
410,823
411,830
412,831
413,827
414,825
415,832
416,840
417,853
418,851
419,853
420,849
421,848
422,845
423,849
424,852
425,852
426,854
427,852
428,847
429,837
430,833
431,833
432,832
433,831
434,836
435,836
436,835
437,838
438,838
439,834
440,833
441,833
442,833
443,832
444,836
445,833
446,826
447,823
448,819
449,825
450,823
451,821
452,818
453,814
454,807
455,805
456,809
457,809
458,810
459,807
460,807
461,810
462,815
463,814
464,818
465,822
466,831
467,836
468,842
469,836
470,840
471,844
472,844
473,844
474,847
475,851
476,852
477,848
478,851
479,856
480,858
481,860
482,857
483,858
484,857
485,857
486,856
487,856
488,854
489,850
490,848
491,846
492,849
493,852
494,854
495,849
496,842
497,844
498,837
499,836
500,834
501,835
502,834
503,836
504,834
505,832
506,838
507,839
508,840
509,834
510,831
511,825
512,824
513,833
514,829
515,817
516,810
517,804
518,801
519,817
520,823
521,818
522,817
523,815
524,814
525,812
526,809
527,815
528,822
529,821
530,818
531,818
532,811
533,808
534,805
535,807
536,803
537,800
538,799
539,795
540,805
541,803
542,800
543,801
544,795
545,796
546,797
547,805
548,813
549,806
550,807
551,809
552,807
553,805
554,807
555,805
556,813
557,815
558,817
559,817
560,817
561,812
562,816
563,818
564,817
565,809
566,805
567,803
568,800
569,805
570,802
571,798
572,796
573,796
574,794
575,792
576,795
577,801
578,802
579,796
580,795
581,796
582,795
583,791
584,795
585,801
586,802
587,795
588,797
589,795
590,796
591,801
592,802
593,799
594,797
595,802
596,809
597,811
598,816
599,818
600,815
601,815
602,817
603,813
604,813
605,810
606,804
607,802
608,807
609,812
610,809
611,809
612,810
613,805
614,811
615,811
616,806
617,801
618,803
619,787
620,784
621,791
622,794
623,796
624,801
625,805
626,811
627,801
628,808
629,807
630,813
631,819
632,820
633,819
634,818
635,817
636,823
637,825
638,830
639,839
640,829
641,833
642,844
643,851
644,857
645,859
646,865
647,862
648,858
649,858
650,862
651,856
652,857
653,859
654,857
655,855
656,849
657,856
658,853
659,858
660,861
661,857
662,851
663,850
664,851
665,853
666,857
667,861
668,865
669,860
670,860
671,862
672,858
673,864
674,866
675,862
676,859
677,850
678,847
679,855
680,854
681,855
682,862
683,864
684,858
685,857
686,854
687,856
688,857
689,861
690,856
691,857
692,855
693,853
694,858
695,854
696,849
697,842
698,843
699,839
700,841
701,838
702,840
703,841
704,838
705,840
706,843
707,842
708,833
709,833
710,833
711,833
712,829
713,823
714,819
715,823
716,828
717,830
718,829
719,833
720,835
721,831
722,826
723,822
724,819
725,821
726,813
727,818
728,810
729,817
730,808
731,803
732,809
733,816
734,813
735,817
736,810
737,809
738,806
739,803
740,806
741,808
742,800
743,793
744,793
745,789
746,787
747,784
748,787
749,787
750,784
751,782
752,784
753,784
754,786
755,784
756,784
757,779
758,783
759,776
760,770
761,771
762,772
763,772
764,772
765,777
766,777
767,770
768,767
769,765
770,765
771,760
772,766
773,760
774,755
775,760
776,761
777,770
778,775
779,775
780,772
781,778
782,772
783,769
784,771
785,770
786,769
787,774
788,776
789,775
790,784
791,782
792,779
793,785
794,777
795,775
796,773
797,775
798,773
799,773
800,775
801,779
802,777
803,785
804,786
805,786
806,787
807,791
808,794
809,793
810,791
811,785
812,785
813,788
814,790
815,790
816,787
817,789
818,787
819,785
820,779
821,779
822,782
823,783
824,775
825,776
826,780
827,777
828,775
829,772
830,778
831,771
832,768
833,765
834,768
835,771
836,782
837,778
838,774
839,770
840,769
841,767
842,765
843,766
844,766
845,767
846,762
847,765
848,759
849,764
850,765
851,771
852,770
853,773
854,770
855,776
856,777
857,780
858,776
859,779
860,785
861,786
862,783
863,782
864,777
865,769
866,768
867,767
868,767
869,771
870,777
871,784
872,784
873,783
874,789
875,786
876,784
877,778
878,773
879,772
880,774
881,767
882,766
883,775
884,773
885,773
886,772
887,772
888,772
889,774
890,768
891,774
892,773
893,767
894,772
895,773
896,772
897,777
898,777
899,780
900,779
901,777
902,782
903,768
904,771
905,774
906,769
907,763
908,761
909,761
910,768
911,770
912,771
913,771
914,769
915,771
916,776
917,774
918,778
919,778
920,780
921,784
922,781
923,782
924,787
925,780
926,781
927,783
928,788
929,791
930,791
931,795
932,797
933,797
934,792
935,783
936,781
937,785
938,790
939,784
940,786
941,783
942,781
943,779
944,785
945,782
946,787
947,782
948,790
949,791
950,787
951,784
952,785
953,782
954,786
955,782
956,785
957,781
958,779
959,781
960,779
961,781
962,786
963,789
964,789
965,791
966,788
967,794
968,793
969,789
970,785
971,780
972,777
973,781
974,775
975,777
976,780
977,784
978,791
979,789
980,794
981,789
982,791
983,782
984,783
985,787
986,793
987,787
988,787
989,791
990,796
991,786
992,791
993,791
994,789
995,789
996,791
997,790
998,792
999,794
1000,799
