1,14
2,15
3,18
4,23
5,29
6,33
7,34
8,35
9,38
10,36
11,34
12,36
13,35
14,32
15,27
16,27
17,27
18,29
19,31
20,34
21,39
22,37
23,38
24,40
25,41
26,40
27,35
28,34
29,36
30,34
31,27
32,30
33,31
34,32
35,35
36,37
37,44
38,41
39,36
40,34
41,36
42,39
43,38
44,38
45,40
46,40
47,38
48,41
49,42
50,45
51,46
52,44
53,44
54,40
55,37
56,35
57,33
58,35
59,38
60,39
61,37
62,37
63,39
64,42
65,40
66,41
67,40
68,38
69,37
70,37
71,39
72,38
73,36
74,36
75,37
76,34
77,35
78,37
79,34
80,32
81,32
82,32
83,31
84,31
85,34
86,38
87,38
88,35
89,38
90,36
91,36
92,36
93,38
94,38
95,33
96,31
97,29
98,27
99,28
100,31
101,34
102,33
103,34
104,31
105,35
106,37
107,39
108,43
109,39
110,37
111,31
112,35
113,34
114,37
115,37
116,35
117,34
118,30
119,29
120,31
121,31
122,29
123,31
124,32
125,31
126,35
127,37
128,39
129,43
130,47
131,50
132,48
133,45
134,44
135,43
136,42
137,43
138,43
139,38
140,33
141,35
142,37
143,38
144,40
145,38
146,40
147,38
148,39
149,43
150,45
151,42
152,41
153,41
154,42
155,44
156,45
157,44
158,42
159,45
160,45
161,47
162,47
163,47
164,44
165,47
166,40
167,42
168,42
169,37
170,34
171,29
172,32
173,30
174,36
175,37
176,37
177,36
178,41
179,43
180,44
181,50
182,47
183,52
184,48
185,47
186,49
187,49
188,48
189,49
190,51
191,49
192,52
193,49
194,49
195,48
196,50
197,53
198,48
199,46
200,49
201,51
202,47
203,45
204,47
205,47
206,47
207,45
208,50
209,52
210,54
211,51
212,52
213,57
214,53
215,50
216,49
217,50
218,51
219,50
220,44
221,43
222,44
223,41
224,43
225,44
226,40
227,40
228,36
229,38
230,39
231,42
232,39
233,41
234,36
235,38
236,40
237,36
238,40
239,36
240,36
241,37
242,39
243,38
244,42
245,41
246,42
247,45
248,43
249,43
250,42
251,41
252,39
253,37
254,34
255,36
256,36
257,34
258,32
259,33
260,31
261,30
262,32
263,30
264,31
265,27
266,26
267,30
268,31
269,32
270,37
271,39
272,36
273,40
274,41
275,41
276,41
277,39
278,38
279,38
280,35
281,30
282,34
283,33
284,32
285,36
286,36
287,37
288,38
289,42
290,42
291,45
292,42
293,40
294,41
295,40
296,42
297,40
298,39
299,37
300,38
301,38
302,43
303,44
304,44
305,40
306,39
307,41
308,42
309,39
310,39
311,41
312,39
313,40
314,41
315,44
316,45
317,49
318,48
319,52
320,50
321,48
322,47
323,51
324,48
325,47
326,43
327,38
328,39
329,33
330,38
331,39
332,40
333,35
334,37
335,37
336,39
337,43
338,43
339,43
340,42
341,38
342,39
343,39
344,38
345,37
346,37
347,31
348,32
349,37
350,34
351,41
352,41
353,46
354,46
355,46
356,48
357,51
358,55
359,51
360,49
361,44
362,40
363,36
364,37
365,38
366,40
367,40
368,35
369,37
370,43
371,46
372,50
373,53
374,53
375,53
376,51
377,49
378,50
379,54
380,55
381,53
382,51
383,48
384,47
385,49
386,48
387,51
388,53
389,47
390,45
391,43
392,40
393,40
394,41
395,39
396,41
397,39
398,38
399,43
400,44
401,48
402,49
403,50
404,50
405,51
406,48
407,53
408,50
409,45
410,45
411,39
412,40
413,38
414,38
415,42
416,41
417,36
418,36
419,37
420,35
421,41
422,42
423,45
424,46
425,43
426,47
427,47
428,49
429,51
430,50
431,47
432,51
433,49
434,45
435,42
436,37
437,37
438,38
439,36
440,35
441,33
442,27
443,31
444,33
445,33
446,34
447,33
448,29
449,28
450,33
451,37
452,40
453,38
454,36
455,40
456,47
457,47
458,48
459,51
460,51
461,50
462,49
463,49
464,54
465,49
466,47
467,50
468,51
469,51
470,46
471,45
472,44
473,40
474,38
475,39
476,37
477,36
478,34
479,34
480,35
481,37
482,39
483,41
484,41
485,42
486,39
487,37
488,43
489,41
490,43
491,41
492,41
493,43
494,45
495,48
496,50
497,57
498,53
499,57
500,53
501,53
502,50
503,48
504,48
505,46
506,47
507,39
508,39
509,39
510,43
511,43
512,46
513,45
514,42
515,44
516,41
517,45
518,49
519,43
520,44
521,44
522,40
523,44
524,47
525,44
526,43
527,42
528,41
529,47
530,45
531,48
532,48
533,46
534,47
535,49
536,49
537,48
538,43
539,44
540,44
541,43
542,44
543,41
544,39
545,40
546,41
547,40
548,41
549,33
550,32
551,28
552,29
553,29
554,28
555,25
556,26
557,28
558,29
559,34
560,39
561,46
562,47
563,47
564,44
565,49
566,49
567,48
568,50
569,47
570,46
571,43
572,42
573,46
574,46
575,41
576,42
577,46
578,43
579,46
580,45
581,44
582,46
583,44
584,46
585,50
586,52
587,49
588,49
589,49
590,48
591,49
592,46
593,51
594,52
595,51
596,48
597,52
598,53
599,51
600,48
601,50
602,48
603,41
604,41
605,39
606,39
607,33
608,31
609,34
610,36
611,33
612,36
613,36
614,33
615,33
616,34
617,35
618,38
619,35
620,35
621,34
622,35
623,37
624,36
625,36
626,36
627,34
628,31
629,33
630,35
631,37
632,35
633,33
634,33
635,31
636,36
637,37
638,39
639,39
640,34
641,32
642,33
643,34
644,40
645,41
646,36
647,37
648,34
649,30
650,33
651,34
652,39
653,40
654,42
655,42
656,45
657,42
658,42
659,44
660,43
661,41
662,36
663,37
664,36
665,40
666,39
667,42
668,43
669,45
670,43
671,48
672,50
673,46
674,41
675,38
676,35
677,34
678,35
679,39
680,40
681,35
682,33
683,37
684,41
685,39
686,40
687,39
688,37
689,32
690,30
691,31
692,34
693,35
694,35
695,38
696,36
697,37
698,41
699,40
700,40
701,43
702,37
703,37
704,36
705,37
706,42
707,43
708,40
709,40
710,43
711,43
712,43
713,45
714,41
715,40
716,36
717,35
718,38
719,39
720,37
721,38
722,42
723,38
724,42
725,39
726,41
727,42
728,45
729,47
730,50
731,51
732,54
733,51
734,49
735,51
736,50
737,49
738,44
739,41
740,37
741,31
742,30
743,32
744,34
745,32
746,34
747,36
748,35
749,38
750,44
751,50
752,46
753,48
754,46
755,46
756,45
757,46
758,47
759,50
760,45
761,43
762,43
763,43
764,42
765,46
766,49
767,45
768,45
769,42
770,44
771,42
772,44
773,41
774,43
775,42
776,38
777,38
778,40
779,40
780,40
781,40
782,41
783,47
784,48
785,49
786,46
787,52
788,51
789,50
790,52
791,53
792,56
793,49
794,49
795,44
796,53
797,50
798,49
799,46
800,40
801,41
802,40
803,43
804,41
805,45
806,35
807,33
808,36
809,44
810,48
811,46
812,42
813,41
814,42
815,41
816,46
817,48
818,43
819,35
820,34
821,34
822,37
823,40
824,40
825,41
826,42
827,40
828,41
829,44
830,48
831,44
832,41
833,40
834,42
835,45
836,43
837,45
838,46
839,44
840,41
841,48
842,48
843,47
844,44
845,41
846,40
847,38
848,38
849,38
850,38
851,39
852,41
853,42
854,46
855,44
856,47
857,46
858,45
859,47
860,46
861,47
862,45
863,43
864,41
865,41
866,38
867,41
868,42
869,39
870,37
871,30
872,32
873,30
874,31
875,35
876,33
877,30
878,32
879,32
880,37
881,40
882,38
883,38
884,35
885,32
886,34
887,36
888,33
889,37
890,37
891,36
892,39
893,44
894,43
895,42
896,43
897,43
898,44
899,40
900,38
901,39
902,39
903,39
904,41
905,39
906,43
907,45
908,45
909,45
910,45
911,43
912,38
913,36
914,41
915,44
916,37
917,33
918,34
919,37
920,34
921,37
922,39
923,39
924,32
925,31
926,33
927,32
928,31
929,34
930,41
931,38
932,38
933,38
934,40
935,38
936,38
937,42
938,42
939,36
940,30
941,28
942,28
943,29
944,30
945,31
946,30
947,29
948,34
949,35
950,36
951,38
952,38
953,36
954,34
955,36
956,40
957,38
958,33
959,35
960,35
961,35
962,32
963,35
964,33
965,33
966,35
967,39
968,40
969,43
970,47
971,46
972,50
973,47
974,50
975,50
976,44
977,42
978,43
979,38
980,33
981,35
982,36
983,34
984,31
985,31
986,30
987,30
988,29
989,29
990,33
991,34
992,31
993,35
994,37
995,39
996,42
997,40
998,41
999,42
1000,39
1001,37
1002,39
1003,37
1004,38
1005,33
1006,29
1007,34
1008,30
1009,29
1010,32
1011,29
1012,30
1013,29
1014,30
1015,31
1016,35
1017,31
1018,33
1019,30
1020,28
1021,35
1022,33
1023,36
1024,34
1025,36
1026,37
1027,41
1028,42
1029,43
1030,44
1031,44
1032,44
1033,47
1034,50
1035,51
1036,48
1037,43
1038,44
1039,49
1040,53
1041,49
1042,51
1043,48
1044,46
1045,48
1046,49
1047,49
1048,48
1049,48
1050,44
1051,45
1052,45
1053,42
1054,43
1055,40
1056,41
1057,43
1058,43
1059,41
1060,37
1061,35
1062,32
1063,37
1064,37
1065,36
1066,36
1067,36
1068,34
1069,34
1070,36
1071,38
1072,40
1073,35
1074,37
1075,38
1076,38
1077,38
1078,38
1079,37
1080,37
1081,41
1082,43
1083,41
1084,37
1085,35
1086,33
1087,32
1088,34
1089,33
1090,35
1091,32
1092,28
1093,34
1094,34
1095,34
1096,36
1097,33
1098,34
1099,38
1100,40
1101,43
1102,49
1103,43
1104,50
1105,53
1106,51
1107,55
1108,60
1109,58
1110,54
1111,48
1112,45
1113,51
1114,46
1115,47
1116,50
1117,49
1118,41
1119,43
1120,43
1121,45
1122,48
1123,46
1124,45
1125,40
1126,38
1127,40
1128,41
1129,36
1130,36
1131,38
1132,36
1133,36
1134,36
1135,38
1136,39
1137,37
1138,40
1139,44
1140,42
1141,39
1142,34
1143,34
1144,31
1145,32
1146,33
1147,34
1148,32
1149,29
1150,31
1151,31
1152,37
1153,35
1154,38
1155,44
1156,45
1157,45
1158,41
1159,44
1160,46
1161,49
1162,45
1163,48
1164,45
1165,37
1166,35
1167,35
1168,41
1169,39
1170,39
1171,36
1172,36
1173,35
1174,36
1175,38
1176,38
1177,39
1178,36
1179,37
1180,37
1181,39
1182,39
1183,36
1184,41
1185,39
1186,39
1187,36
1188,36
1189,34
1190,29
1191,29
1192,29
1193,29
1194,25
1195,33
1196,36
1197,37
1198,35
1199,37
1200,41
1201,39
1202,39
1203,42
1204,43
1205,36
1206,31
1207,30
1208,34
1209,33
1210,32
1211,33
1212,34
1213,34
1214,32
1215,33
1216,38
1217,42
1218,40
1219,39
1220,40
1221,39
1222,37
1223,41
1224,43
1225,44
1226,39
1227,37
1228,36
1229,41
1230,43
1231,45
1232,43
1233,39
1234,39
1235,40
1236,41
1237,42
1238,43
1239,42
1240,41
1241,40
1242,42
1243,41
1244,38
1245,34
1246,36
1247,31
1248,33
1249,29
1250,24
1251,24
1252,25
1253,29
1254,33
1255,40
1256,38
1257,40
1258,39
1259,42
1260,45
1261,45
1262,42
1263,39
1264,38
1265,32
1266,32
1267,35
1268,33
1269,31
1270,33
1271,30
1272,38
1273,38
1274,35
1275,39
1276,40
1277,37
1278,42
1279,42
1280,42
1281,46
1282,44
1283,45
1284,47
1285,43
1286,43
1287,46
1288,47
1289,47
1290,44
1291,41
1292,39
1293,38
1294,36
1295,37
1296,35
1297,37
1298,34
1299,32
1300,32
1301,33
1302,34
1303,32
1304,36
1305,36
1306,36
1307,32
1308,30
1309,30
1310,33
1311,32
1312,29
1313,34
1314,33
1315,32
1316,37
1317,39
1318,39
1319,42
1320,38
1321,39
1322,41
1323,40
1324,38
1325,37
1326,38
1327,39
1328,42
1329,43
1330,46
1331,53
1332,51
1333,51
1334,52
1335,55
1336,48
1337,50
1338,49
1339,47
1340,48
1341,42
1342,41
1343,38
1344,40
1345,41
1346,42
1347,37
1348,35
1349,36
1350,37
1351,37
1352,40
1353,44
1354,44
1355,41
1356,44
1357,43
1358,42
1359,40
1360,36
1361,33
1362,32
1363,28
1364,27
1365,27
1366,25
1367,27
1368,29
1369,33
1370,34
1371,36
1372,35
1373,39
1374,37
1375,43
1376,42
1377,40
1378,40
1379,46
1380,45
1381,45
1382,47
1383,45
1384,49
1385,43
1386,44
1387,47
1388,47
1389,40
1390,41
1391,41
1392,41
1393,41
1394,37
1395,37
1396,36
1397,34
1398,32
1399,34
1400,33
1401,37
1402,37
1403,36
1404,35
1405,34
1406,38
1407,39
1408,42
1409,37
1410,37
1411,34
1412,31
1413,32
1414,32
1415,33
1416,28
1417,30
1418,26
1419,29
1420,30
1421,31
1422,33
1423,33
1424,38
1425,39
1426,45
1427,43
1428,44
1429,41
1430,38
1431,37
1432,38
1433,35
1434,32
1435,32
1436,28
1437,26
1438,25
1439,25
1440,30
1441,30
1442,31
1443,36
1444,36
1445,41
1446,43
1447,48
1448,53
1449,52
1450,52
1451,55
1452,53
1453,49
1454,47
1455,42
1456,41
1457,38
1458,35
1459,37
1460,36
1461,30
1462,29
1463,29
1464,28
1465,29
1466,26
1467,28
1468,27
1469,29
1470,33
1471,35
1472,36
1473,36
1474,40
1475,38
1476,41
1477,41
1478,42
1479,40
1480,36
1481,39
1482,41
1483,41
1484,42
1485,40
1486,40
1487,36
1488,36
1489,39
1490,40
1491,38
1492,39
1493,37
1494,39
1495,42
1496,45
1497,44
1498,42
1499,39
1500,39
1501,42
1502,36
1503,38
1504,35
1505,35
1506,33
1507,37
1508,41
1509,40
1510,39
1511,38
1512,46
1513,45
1514,44
1515,43
1516,46
1517,46
1518,47
1519,47
1520,47
1521,48
1522,44
1523,45
1524,45
1525,50
1526,44
1527,45
1528,43
1529,47
1530,43
1531,39
1532,37
1533,38
1534,40
1535,38
1536,40
1537,40
1538,42
1539,40
1540,43
1541,44
1542,48
1543,48
1544,43
1545,43
1546,43
1547,41
1548,36
1549,37
1550,35
1551,35
1552,33
1553,33
1554,34
1555,32
1556,34
1557,32
1558,35
1559,33
1560,35
1561,35
1562,33
1563,35
1564,35
1565,37
1566,41
1567,43
1568,50
1569,51
1570,54
1571,56
1572,59
1573,58
1574,57
1575,54
1576,46
1577,45
1578,37
1579,33
1580,29
1581,26
1582,28
1583,29
1584,34
1585,35
1586,34
1587,31
1588,36
1589,38
1590,41
1591,46
1592,45
1593,40
1594,40
1595,39
1596,38
1597,42
1598,38
1599,40
1600,40
1601,38
1602,34
1603,38
1604,34
1605,33
1606,37
1607,37
1608,40
1609,38
1610,36
1611,34
1612,37
1613,38
1614,39
1615,42
1616,43
1617,44
1618,43
1619,42
1620,43
1621,44
1622,43
1623,41
1624,40
1625,39
1626,36
1627,35
1628,34
1629,35
1630,33
1631,34
1632,38
1633,38
1634,41
1635,40
1636,41
1637,39
1638,38
1639,41
1640,46
1641,45
1642,38
1643,39
1644,37
1645,38
1646,41
1647,44
1648,48
1649,45
1650,41
1651,40
1652,44
1653,43
1654,46
1655,45
1656,39
1657,37
1658,36
1659,36
1660,37
1661,33
1662,31
1663,33
1664,35
1665,34
1666,38
1667,38
1668,35
1669,39
1670,38
1671,41
1672,44
1673,43
1674,37
1675,41
1676,40
1677,41
1678,44
1679,46
1680,45
1681,45
1682,44
1683,46
1684,51
1685,46
1686,43
1687,44
1688,37
1689,29
1690,31
1691,30
1692,27
1693,21
1694,22
1695,26
1696,29
1697,27
1698,33
1699,35
1700,34
1701,36
1702,39
1703,44
1704,41
1705,39
1706,39
1707,38
1708,38
1709,39
1710,40
1711,40
1712,39
1713,37
1714,36
1715,36
1716,37
1717,39
1718,40
1719,42
1720,39
1721,38
1722,39
1723,42
1724,45
1725,44
1726,43
1727,44
1728,44
1729,42
1730,45
1731,44
1732,43
1733,38
1734,33
1735,38
1736,37
1737,35
1738,33
1739,34
1740,37
1741,43
1742,41
1743,42
1744,46
1745,41
1746,40
1747,41
1748,38
1749,38
1750,36
1751,31
1752,36
1753,35
1754,32
1755,34
1756,40
1757,45
1758,48
1759,50
1760,51
1761,50
1762,47
1763,50
1764,49
1765,53
1766,49
1767,41
1768,42
1769,41
1770,37
1771,39
1772,37
1773,34
1774,37
1775,32
1776,32
1777,34
1778,30
1779,31
1780,38
1781,37
1782,39
1783,42
1784,39
1785,40
1786,39
1787,38
1788,43
1789,39
1790,35
1791,37
1792,35
1793,30
1794,35
1795,33
1796,36
1797,36
1798,32
1799,36
1800,35
1801,33
1802,34
1803,36
1804,37
1805,36
1806,34
1807,37
1808,39
1809,37
1810,36
1811,37
1812,41
1813,42
1814,37
1815,39
1816,39
1817,37
1818,35
1819,35
1820,38
1821,36
1822,34
1823,35
1824,39
1825,43
1826,41
1827,43
1828,41
1829,40
1830,40
1831,40
1832,38
1833,36
1834,34
1835,31
1836,33
1837,33
1838,33
1839,34
1840,30
1841,34
1842,39
1843,39
1844,39
1845,37
1846,36
1847,36
1848,36
1849,33
1850,36
1851,35
1852,29
1853,32
1854,32
1855,36
1856,38
1857,38
1858,39
1859,43
1860,44
1861,47
1862,47
1863,46
1864,44
1865,44
1866,44
1867,41
1868,42
1869,40
1870,38
1871,39
1872,40
1873,43
1874,44
1875,41
1876,42
1877,44
1878,44
1879,47
1880,47
1881,45
1882,47
1883,47
1884,49
1885,49
1886,47
1887,47
1888,45
1889,43
1890,42
1891,39
1892,40
1893,38
1894,38
1895,40
1896,41
1897,44
1898,44
1899,42
1900,44
1901,45
1902,42
1903,40
1904,41
1905,44
1906,44
1907,40
1908,41
1909,41
1910,37
1911,34
1912,35
1913,37
1914,34
1915,29
1916,30
1917,30
1918,36
1919,37
1920,40
1921,44
1922,42
1923,42
1924,42
1925,44
1926,42
1927,43
1928,36
1929,38
1930,36
1931,33
1932,35
1933,35
1934,39
1935,38
1936,41
1937,42
1938,46
1939,47
1940,48
1941,47
1942,45
1943,42
1944,43
1945,45
1946,41
1947,39
1948,37
1949,35
1950,35
1951,36
1952,36
1953,38
1954,35
1955,34
1956,38
1957,39
1958,40
1959,39
1960,40
1961,39
1962,42
1963,42
1964,40
1965,37
1966,36
1967,37
1968,36
1969,37
1970,40
1971,42
1972,38
1973,37
1974,42
1975,46
1976,43
1977,40
1978,42
1979,44
1980,41
1981,39
1982,43
1983,43
1984,40
1985,39
1986,41
1987,44
1988,44
1989,42
1990,43
1991,43
1992,40
1993,39
1994,38
1995,36
1996,33
1997,30
1998,29
1999,30
2000,26
2001,26
2002,29
2003,31
2004,33
2005,35
2006,35
2007,37
2008,39
2009,37
2010,39
2011,38
2012,39
2013,35
2014,33
2015,33
2016,35
2017,35
2018,29
2019,31
2020,29
2021,31
2022,26
2023,34
2024,36
2025,36
2026,36
2027,35
2028,39
2029,40
2030,45
2031,45
2032,47
2033,43
2034,43
2035,43
2036,44
2037,43
2038,43
2039,44
2040,46
2041,47
2042,49
2043,51
2044,47
2045,46
2046,48
2047,49
2048,49
2049,45
2050,40
2051,44
2052,43
2053,40
2054,43
2055,41
2056,37
2057,35
2058,34
2059,34
2060,33
2061,29
2062,30
2063,29
2064,32
2065,36
2066,41
2067,42
2068,45
2069,47
2070,48
2071,48
2072,46
2073,50
2074,45
2075,42
2076,40
2077,43
2078,44
2079,43
2080,46
2081,50
2082,50
2083,49
2084,47
2085,48
2086,45
2087,44
2088,40
2089,38
2090,39
2091,35
2092,37
2093,34
2094,34
2095,32
2096,38
2097,39
2098,39
2099,39
2100,35
2101,35
2102,33
2103,34
2104,36
2105,39
2106,36
2107,34
2108,38
2109,41
2110,41
2111,41
2112,41
2113,39
2114,39
2115,40
2116,40
2117,44
2118,40
2119,36
2120,38
2121,36
2122,38
2123,43
2124,43
2125,41
2126,45
2127,43
2128,43
2129,45
2130,44
2131,47
2132,45
2133,42
2134,42
2135,41
2136,38
2137,39
2138,41
2139,42
2140,39
2141,39
2142,43
2143,44
2144,44
2145,44
2146,44
2147,44
2148,47
2149,46
2150,46
2151,45
2152,47
2153,44
2154,47
2155,50
2156,47
2157,42
2158,38
2159,41
2160,42
2161,47
2162,43
2163,43
2164,44
2165,41
2166,43
2167,44
2168,42
2169,38
2170,39
2171,34
2172,36
2173,37
2174,33
2175,33
2176,33
2177,31
2178,36
2179,41
2180,41
2181,40
2182,35
2183,37
2184,37
2185,39
2186,38
2187,43
2188,40
2189,40
2190,39
2191,40
2192,41
2193,43
2194,46
2195,43
2196,47
2197,43
2198,44
2199,41
2200,43
2201,44
2202,43
2203,44
2204,42
2205,46
2206,39
2207,42
2208,40
2209,42
2210,41
2211,39
2212,42
2213,41
2214,42
2215,41
2216,43
2217,41
2218,42
2219,39
2220,40
2221,38
2222,37
2223,35
2224,36
2225,35
2226,35
2227,39
2228,36
2229,35
2230,34
2231,38
2232,43
2233,41
2234,42
2235,41
2236,45
2237,47
2238,50
2239,52
2240,53
2241,55
2242,49
2243,48
2244,47
2245,48
2246,42
2247,37
2248,34
2249,36
2250,34
2251,33
2252,35
2253,38
2254,34
2255,34
2256,37
2257,40
2258,43
2259,41
2260,44
2261,41
2262,37
2263,37
2264,42
2265,42
2266,45
2267,40
2268,40
2269,38
2270,35
2271,37
2272,42
2273,39
2274,34
2275,33
2276,29
2277,32
2278,34
2279,36
2280,42
2281,39
2282,37
2283,37
2284,41
2285,41
2286,41
2287,42
2288,37
2289,36
2290,29
2291,29
2292,29
2293,30
2294,25
2295,25
2296,30
2297,28
2298,32
2299,31
2300,32
2301,34
2302,35
2303,36
2304,40
2305,41
2306,34
2307,33
2308,29
2309,33
2310,35
2311,34
2312,33
2313,36
2314,36
2315,35
2316,37
2317,38
2318,40
2319,37
2320,39
2321,44
2322,42
2323,44
2324,43
2325,45
2326,46
2327,45
2328,46
2329,50
2330,49
2331,46
2332,50
2333,46
2334,48
2335,56
2336,54
2337,56
2338,56
2339,53
2340,52
2341,52
2342,50
2343,49
2344,47
2345,38
2346,39
2347,36
2348,35
2349,37
2350,36
2351,36
2352,37
2353,35
2354,33
2355,35
2356,35
2357,34
2358,36
2359,34
2360,32
2361,31
2362,28
2363,31
2364,32
2365,29
2366,29
2367,32
2368,27
2369,28
2370,32
2371,33
2372,38
2373,42
2374,41
2375,39
2376,43
2377,43
2378,48
2379,44
2380,41
2381,39
2382,37
2383,32
2384,31
2385,32
2386,32
2387,32
2388,36
2389,42
2390,42
2391,43
2392,43
2393,42
2394,45
2395,48
2396,45
2397,47
2398,41
2399,38
2400,41
2401,38
2402,35
2403,40
2404,37
2405,34
2406,33
2407,30
2408,31
2409,30
2410,31
2411,34
2412,35
2413,34
2414,40
2415,39
2416,41
2417,45
2418,48
2419,47
2420,46
2421,47
2422,45
2423,46
2424,45
2425,54
2426,53
2427,53
2428,51
2429,53
2430,53
2431,51
2432,56
2433,53
2434,49
2435,42
2436,43
2437,39
2438,41
2439,44
2440,44
2441,43
2442,39
2443,39
2444,39
2445,39
2446,39
2447,43
2448,38
2449,34
2450,31
2451,32
2452,34
2453,34
2454,33
2455,31
2456,27
2457,25
2458,25
2459,27
2460,27
2461,29
2462,29
2463,30
2464,33
2465,38
2466,46
2467,48
2468,48
2469,49
2470,50
2471,48
2472,45
2473,49
2474,50
2475,47
2476,42
2477,40
2478,43
2479,42
2480,43
2481,46
2482,55
2483,50
2484,49
2485,50
2486,55
2487,58
2488,57
2489,58
2490,57
2491,55
2492,50
2493,50
2494,48
2495,46
2496,44
2497,49
2498,49
2499,48
2500,52
2501,51
2502,49
2503,49
2504,50
2505,51
2506,49
2507,37
2508,38
2509,39
2510,36
2511,36
2512,37
2513,37
2514,39
2515,40
2516,37
2517,42
2518,47
2519,44
2520,46
2521,47
2522,47
2523,46
2524,44
2525,43
2526,45
2527,42
2528,37
2529,35
2530,31
2531,34
2532,34
2533,34
2534,34
2535,32
2536,29
2537,29
2538,29
2539,32
2540,32
2541,30
2542,31
2543,31
2544,37
2545,39
2546,44
2547,48
2548,45
2549,45
2550,47
2551,45
2552,40
2553,41
2554,34
2555,34
2556,30
2557,26
2558,29
2559,33
2560,34
2561,34
2562,37
2563,36
2564,38
2565,36
2566,39
2567,45
2568,41
2569,38
2570,35
2571,37
2572,37
2573,40
2574,39
2575,43
2576,46
2577,42
2578,48
2579,46
2580,47
2581,44
2582,44
2583,43
2584,47
2585,46
2586,41
2587,40
2588,34
2589,34
2590,33
2591,38
2592,37
2593,36
2594,36
2595,36
2596,36
2597,38
2598,41
2599,40
2600,41
2601,38
2602,37
2603,34
2604,28
2605,29
2606,29
2607,30
2608,30
2609,31
2610,33
2611,32
2612,35
2613,44
2614,46
2615,48
2616,52
2617,50
2618,52
2619,53
2620,49
2621,52
2622,55
2623,48
2624,46
2625,40
2626,38
2627,41
2628,38
2629,38
2630,41
2631,41
2632,35
2633,37
2634,40
2635,43
2636,42
2637,41
2638,44
2639,45
2640,44
2641,41
2642,45
2643,46
2644,51
2645,52
2646,50
2647,49
2648,45
2649,44
2650,45
2651,45
2652,43
2653,42
2654,35
2655,35
2656,35
2657,31
2658,36
2659,37
2660,36
2661,41
2662,41
2663,39
2664,45
2665,44
2666,44
2667,49
2668,46
2669,45
2670,46
2671,41
2672,42
2673,42
2674,36
2675,35
2676,36
2677,34
2678,33
2679,34
2680,34
2681,34
2682,34
2683,36
2684,37
2685,37
2686,39
2687,37
2688,39
2689,38
2690,36
2691,41
2692,43
2693,45
2694,46
2695,47
2696,47
2697,47
2698,47
2699,46
2700,48
2701,45
2702,43
2703,40
2704,42
2705,42
2706,42
2707,46
2708,44
2709,45
2710,50
2711,51
2712,50
2713,52
2714,50
2715,46
2716,47
2717,50
2718,50
2719,51
2720,52
2721,48
2722,47
2723,46
2724,44
2725,50
2726,47
2727,44
2728,44
2729,41
2730,37
2731,38
2732,40
2733,40
2734,45
2735,44
2736,46
2737,46
2738,47
2739,47
2740,45
2741,50
2742,50
2743,50
2744,51
2745,52
2746,50
2747,48
2748,47
2749,47
2750,47
2751,44
2752,40
2753,38
2754,35
2755,34
2756,32
2757,34
2758,40
2759,39
2760,37
2761,39
2762,42
2763,44
2764,46
2765,45
2766,48
2767,45
2768,44
2769,45
2770,52
2771,50
2772,49
2773,51
2774,50
2775,47
2776,46
2777,47
2778,45
2779,44
2780,37
2781,38
2782,40
2783,34
2784,37
2785,43
2786,44
2787,48
2788,47
2789,48
2790,47
2791,45
2792,51
2793,55
2794,55
2795,55
2796,57
2797,53
2798,53
2799,54
2800,56
2801,56
2802,51
2803,49
2804,42
2805,39
2806,37
2807,37
2808,34
2809,34
2810,34
2811,34
2812,32
2813,37
2814,42
2815,42
2816,41
2817,41
2818,42
2819,44
2820,46
2821,43
2822,41
2823,36
2824,36
2825,38
2826,39
2827,39
2828,38
2829,40
2830,36
2831,41
2832,42
2833,42
2834,38
2835,39
2836,39
2837,40
2838,42
2839,39
2840,42
2841,39
2842,42
2843,41
2844,40
2845,37
2846,34
2847,35
2848,32
2849,33
2850,30
2851,30
2852,31
2853,36
2854,38
2855,38
2856,41
2857,40
2858,46
2859,46
2860,46
2861,45
2862,43
2863,44
2864,45
2865,48
2866,49
2867,48
2868,43
2869,39
2870,39
2871,42
2872,40
2873,35
2874,34
2875,30
2876,30
2877,31
2878,32
2879,35
2880,37
2881,35
2882,41
2883,42
2884,43
2885,44
2886,47
2887,43
2888,44
2889,43
2890,41
2891,43
2892,36
2893,35
2894,34
2895,30
2896,29
2897,32
2898,31
2899,37
2900,41
2901,40
2902,43
2903,41
2904,43
2905,45
2906,43
2907,41
2908,42
2909,36
2910,32
2911,34
2912,35
2913,36
2914,37
2915,39
2916,36
2917,36
2918,36
2919,36
2920,38
2921,35
2922,32
2923,33
2924,32
2925,33
2926,35
2927,37
2928,36
2929,35
2930,35
2931,32
2932,33
2933,32
2934,30
2935,31
2936,32
2937,32
2938,31
2939,36
2940,36
2941,41
2942,44
2943,45
2944,49
2945,48
2946,44
2947,43
2948,45
2949,40
2950,40
2951,37
2952,32
2953,31
2954,26
2955,24
2956,31
2957,33
2958,30
2959,30
2960,30
2961,37
2962,37
2963,37
2964,39
2965,38
2966,36
2967,36
2968,42
2969,45
2970,47
2971,47
2972,49
2973,48
2974,49
2975,50
2976,52
2977,53
2978,52
2979,48
2980,44
2981,41
2982,40
2983,46
2984,42
2985,44
2986,39
2987,40
2988,38
2989,40
2990,46
2991,45
2992,45
2993,43
2994,46
2995,43
2996,41
2997,39
2998,38
2999,38
3000,31
3001,29
3002,29
3003,30
3004,28
3005,35
3006,41
3007,41
3008,44
3009,45
3010,50
3011,55
3012,61
3013,58
3014,64
3015,62
3016,61
3017,57
3018,53
3019,54
3020,56
3021,51
3022,47
3023,49
3024,47
3025,43
3026,40
3027,42
3028,44
3029,40
3030,36
3031,36
3032,36
3033,34
3034,30
3035,31
3036,33
3037,33
3038,34
3039,35
3040,33
3041,32
3042,31
3043,33
3044,33
3045,33
3046,31
3047,28
3048,23
3049,27
3050,30
3051,33
3052,33
3053,31
3054,32
3055,30
3056,31
3057,33
3058,39
3059,42
3060,44
3061,43
3062,46
3063,48
3064,50
3065,51
3066,50
3067,56
3068,53
3069,46
3070,43
3071,44
3072,44
3073,44
3074,41
3075,46
3076,48
3077,45
3078,46
3079,52
3080,57
3081,58
3082,55
3083,56
3084,61
3085,57
3086,55
3087,52
3088,49
3089,41
3090,35
3091,31
3092,29
3093,27
3094,23
3095,22
3096,24
3097,28
3098,30
3099,35
3100,40
3101,42
3102,45
3103,43
3104,41
3105,43
3106,42
3107,39
3108,38
3109,36
3110,33
3111,31
3112,34
3113,37
3114,39
3115,37
3116,41
3117,40
3118,43
3119,44
3120,44
3121,45
3122,43
3123,45
3124,48
3125,51
3126,46
3127,49
3128,48
3129,48
3130,49
3131,49
3132,50
3133,47
3134,46
3135,44
3136,46
3137,44
3138,44
3139,43
3140,45
3141,48
3142,47
3143,48
3144,44
3145,43
3146,42
3147,44
3148,41
3149,43
3150,39
3151,39
3152,37
3153,36
3154,35
3155,38
3156,37
3157,37
3158,38
3159,40
3160,41
3161,37
3162,39
3163,42
3164,45
3165,40
3166,41
3167,40
3168,40
3169,35
3170,36
3171,35
3172,36
3173,32
3174,35
3175,37
3176,39
3177,35
3178,38
3179,41
3180,38
3181,40
3182,37
3183,39
3184,41
3185,42
3186,42
3187,44
3188,43
3189,42
3190,46
3191,44
3192,44
3193,40
3194,35
3195,32
3196,28
3197,32
3198,33
3199,32
3200,35
3201,35
3202,37
3203,41
3204,41
3205,44
3206,49
3207,44
3208,46
3209,45
3210,40
3211,47
3212,45
3213,47
3214,46
3215,47
3216,42
3217,45
3218,42
3219,46
3220,45
3221,41
3222,39
3223,36
3224,35
3225,33
3226,33
3227,31
3228,32
3229,29
3230,30
3231,35
3232,38
3233,38
3234,41
3235,41
3236,42
3237,48
3238,46
3239,47
3240,50
3241,45
3242,41
3243,42
3244,42
3245,44
3246,44
3247,39
3248,38
3249,38
3250,38
3251,35
3252,38
3253,36
3254,34
3255,32
3256,30
3257,29
3258,31
3259,31
3260,28
3261,33
3262,36
3263,42
3264,43
3265,41
3266,48
3267,50
3268,50
3269,50
3270,54
3271,52
3272,51
3273,46
3274,45
3275,51
3276,47
3277,47
3278,48
3279,47
3280,41
3281,40
3282,40
3283,40
3284,42
3285,39
3286,42
3287,41
3288,42
3289,43
3290,47
3291,44
3292,42
3293,45
3294,44
3295,44
3296,41
3297,42
3298,39
3299,38
3300,36
3301,40
3302,40
3303,33
3304,32
3305,30
3306,31
3307,31
3308,29
3309,29
3310,31
3311,30
3312,30
3313,36
3314,37
3315,42
3316,40
3317,45
3318,47
3319,51
3320,48
3321,51
3322,52
3323,49
3324,50
3325,47
3326,50
3327,46
3328,52
3329,49
3330,49
3331,48
3332,50
3333,47
3334,48
3335,47
3336,45
3337,46
3338,39
3339,41
3340,42
3341,44
3342,40
3343,42
3344,40
3345,41
3346,42
3347,46
3348,49
3349,45
3350,44
3351,41
3352,44
3353,45
3354,47
3355,46
3356,45
3357,39
3358,35
3359,40
3360,41
3361,39
3362,45
3363,44
3364,42
3365,43
3366,42
3367,44
3368,46
3369,39
3370,38
3371,38
3372,32
3373,33
3374,30
3375,30
3376,32
3377,27
3378,28
3379,33
3380,33
3381,35
3382,32
3383,32
3384,35
3385,34
3386,32
3387,33
3388,33
3389,33
3390,30
3391,28
3392,29
3393,29
3394,29
3395,34
3396,35
3397,40
3398,40
3399,36
3400,41
3401,46
3402,46
3403,45
3404,45
3405,41
3406,41
3407,37
3408,35
3409,39
3410,44
3411,41
3412,40
3413,40
3414,41
3415,45
3416,42
3417,45
3418,48
3419,46
3420,39
3421,40
3422,46
3423,45
3424,45
3425,37
3426,42
3427,40
3428,37
3429,37
3430,40
3431,39
3432,36
3433,41
3434,38
3435,41
3436,37
3437,34
3438,39
3439,38
3440,38
3441,42
3442,41
3443,37
3444,39
3445,39
3446,39
3447,43
3448,39
3449,42
3450,39
3451,37
3452,37
3453,36
3454,34
3455,36
3456,40
3457,40
3458,38
3459,41
3460,43
3461,41
3462,40
3463,42
3464,45
3465,41
3466,39
3467,39
3468,39
3469,38
3470,39
3471,42
3472,42
3473,44
3474,40
3475,41
3476,41
3477,40
3478,42
3479,38
3480,35
3481,38
3482,39
3483,37
3484,44
3485,46
3486,45
3487,46
3488,48
3489,51
3490,51
3491,45
3492,45
3493,44
3494,37
3495,37
3496,37
3497,36
3498,32
3499,35
3500,37
3501,36
3502,36
3503,36
3504,40
3505,39
3506,39
3507,43
3508,45
3509,41
3510,38
3511,40
3512,40
3513,40
3514,40
3515,41
3516,41
3517,36
3518,36
3519,37
3520,38
3521,35
3522,34
3523,35
3524,31
3525,29
3526,28
3527,27
3528,27
3529,26
3530,26
3531,28
3532,27
3533,28
3534,31
3535,36
3536,43
3537,46
3538,47
3539,42
3540,41
3541,43
3542,50
3543,55
3544,53
3545,50
3546,46
3547,43
3548,41
3549,44
3550,44
3551,41
3552,35
3553,27
3554,28
3555,29
3556,27
3557,28
3558,28
3559,31
3560,32
3561,30
3562,29
3563,30
3564,33
3565,32
3566,35
3567,37
3568,38
3569,32
3570,35
3571,40
3572,39
3573,39
3574,38
3575,39
3576,40
3577,38
3578,38
3579,41
3580,41
3581,39
3582,46
3583,46
3584,47
3585,47
3586,43
3587,45
3588,49
3589,51
3590,48
3591,47
3592,43
3593,48
3594,46
3595,44
3596,43
3597,39
3598,35
3599,37
3600,37
3601,36
3602,39
3603,37
3604,37
3605,35
3606,36
3607,37
3608,40
3609,33
3610,34
3611,36
3612,32
3613,31
3614,34
3615,37
3616,37
3617,40
3618,38
3619,43
3620,43
3621,42
3622,45
3623,46
3624,43
3625,40
3626,41
3627,41
3628,41
3629,40
3630,41
3631,42
3632,39
3633,40
3634,40
3635,43
3636,44
3637,43
3638,43
3639,40
3640,38
3641,36
3642,36
3643,36
3644,38
3645,38
3646,36
3647,33
3648,33
3649,36
3650,36
3651,37
3652,41
3653,39
3654,35
3655,38
3656,40
3657,43
3658,43
3659,41
3660,42
3661,39
3662,33
3663,32
3664,36
3665,33
3666,30
3667,36
3668,35
3669,37
3670,37
3671,42
3672,48
3673,51
3674,51
3675,49
3676,50
3677,45
3678,43
3679,43
3680,40
3681,36
3682,34
3683,28
3684,24
3685,27
3686,28
3687,29
3688,31
3689,33
3690,36
3691,38
3692,38
3693,41
3694,41
3695,37
3696,36
3697,35
3698,41
3699,39
3700,40
3701,43
3702,42
3703,41
3704,46
3705,51
3706,50
3707,48
3708,43
3709,46
3710,43
3711,39
3712,39
3713,41
3714,37
3715,34
3716,33
3717,37
3718,36
3719,32
3720,36
3721,38
3722,37
3723,38
3724,43
3725,42
3726,43
3727,39
3728,39
3729,42
3730,38
3731,36
3732,36
3733,35
3734,29
3735,32
3736,32
3737,32
3738,33
3739,28
3740,33
3741,33
3742,34
3743,33
3744,40
3745,39
3746,41
3747,40
3748,43
3749,46
3750,43
3751,47
3752,47
3753,49
3754,46
3755,44
3756,42
3757,46
3758,46
3759,46
3760,44
3761,44
3762,50
3763,48
3764,45
3765,45
3766,45
3767,43
3768,42
3769,38
3770,40
3771,36
3772,26
3773,27
3774,29
3775,30
3776,33
3777,31
3778,32
3779,37
3780,36
3781,37
3782,41
3783,43
3784,42
3785,42
3786,38
3787,43
3788,40
3789,38
3790,40
3791,38
3792,34
3793,31
3794,33
3795,32
3796,34
3797,35
3798,37
3799,40
3800,40
3801,41
3802,46
3803,45
3804,50
3805,52
3806,58
3807,54
3808,51
3809,46
3810,46
3811,48
3812,46
3813,49
3814,42
3815,40
3816,34
3817,36
3818,41
3819,41
3820,38
3821,38
3822,45
3823,43
3824,42
3825,47
3826,52
3827,46
3828,40
3829,42
3830,45
3831,45
3832,42
3833,46
3834,45
3835,41
3836,42
3837,48
3838,49
3839,50
3840,50
3841,52
3842,49
3843,49
3844,51
3845,51
3846,48
3847,45
3848,46
3849,44
3850,45
3851,43
3852,41
3853,40
3854,38
3855,43
3856,43
3857,42
3858,42
3859,46
3860,43
3861,41
3862,44
3863,42
3864,43
3865,38
3866,35
3867,39
3868,36
3869,33
3870,37
3871,39
3872,37
3873,36
3874,38
3875,39
3876,46
3877,45
3878,49
3879,50
3880,52
3881,54
3882,55
3883,56
3884,54
3885,54
3886,51
3887,53
3888,54
3889,53
3890,53
3891,54
3892,53
3893,54
3894,57
3895,56
3896,55
3897,53
3898,53
3899,56
3900,50
3901,48
3902,48
3903,48
3904,46
3905,48
3906,45
3907,44
3908,43
3909,42
3910,44
3911,41
3912,45
3913,44
3914,45
3915,45
3916,44
3917,41
3918,42
3919,43
3920,45
3921,47
3922,41
3923,41
3924,40
3925,41
3926,42
3927,46
3928,43
3929,39
3930,35
3931,36
3932,39
3933,38
3934,37
3935,35
3936,37
3937,37
3938,38
3939,42
3940,42
3941,41
3942,40
3943,40
3944,38
3945,38
3946,37
3947,35
3948,33
3949,34
3950,41
3951,40
3952,37
3953,38
3954,40
3955,39
3956,39
3957,40
3958,39
3959,35
3960,30
3961,32
3962,35
3963,37
3964,35
3965,37
3966,36
3967,36
3968,39
3969,48
3970,49
3971,47
3972,45
3973,43
3974,48
3975,46
3976,44
3977,44
3978,45
3979,37
3980,32
3981,37
3982,41
3983,40
3984,35
3985,36
3986,41
3987,45
3988,42
3989,40
3990,46
3991,42
3992,46
3993,52
3994,57
3995,55
3996,55
3997,51
3998,55
3999,57
4000,53
