1,18
2,36
3,40
4,42
5,42
6,40
7,27
8,31
9,41
10,40
11,46
12,43
13,45
14,40
15,32
16,30
17,40
18,39
19,39
20,32
21,37
22,35
23,34
24,37
25,41
26,33
27,36
28,40
29,33
30,32
31,36
32,38
33,38
34,36
35,46
36,44
37,54
38,55
39,52
40,34
41,35
42,39
43,48
44,40
45,45
46,39
47,38
48,41
49,47
50,45
51,40
52,39
53,44
54,43
55,39
56,47
57,51
58,39
59,37
60,38
61,37
62,28
63,35
64,39
65,38
66,33
67,31
68,33
69,39
70,44
71,37
72,38
73,38
74,40
75,38
76,33
77,43
78,43
79,35
80,35
81,44
82,37
83,33
84,36
85,36
86,25
87,27
88,38
89,42
90,50
91,55
92,54
93,45
94,43
95,35
96,40
97,42
98,34
99,36
100,41
101,39
102,40
103,36
104,35
105,39
106,26
107,35
108,35
109,32
110,31
111,39
112,38
113,40
114,41
115,37
116,32
117,31
118,36
119,40
120,52
121,47
122,40
123,40
124,45
125,39
126,40
127,34
128,35
129,42
130,42
131,36
132,35
133,36
134,43
135,44
136,46
137,42
138,42
139,35
140,37
141,40
142,41
143,45
144,39
145,38
146,38
147,45
148,46
149,52
150,49
151,40
152,37
153,39
154,42
155,48
156,49
157,35
158,33
159,39
160,41
161,44
162,38
163,42
164,44
165,44
166,37
167,42
168,39
169,35
170,45
171,40
172,40
173,45
174,43
175,30
176,32
177,31
178,41
179,41
180,38
181,39
182,37
183,35
184,32
185,35
186,40
187,46
188,47
189,46
190,44
191,43
192,31
193,35
194,34
195,42
196,48
197,46
198,55
199,44
200,45
201,35
202,32
203,35
204,43
205,43
206,33
207,34
208,40
209,42
210,33
211,44
212,55
213,50
214,45
215,44
216,43
217,45
218,34
219,44
220,44
221,50
222,44
223,40
224,46
225,44
226,47
227,40
228,39
229,48
230,50
231,45
232,38
233,33
234,31
235,33
236,36
237,53
238,56
239,31
240,35
241,41
242,41
243,38
244,30
245,28
246,25
247,36
248,35
249,37
250,36
251,49
252,49
253,40
254,43
255,40
256,39
257,37
258,45
259,42
260,40
261,39
262,43
263,44
264,42
265,39
266,36
267,36
268,40
269,44
270,45
271,35
272,29
273,32
274,41
275,41
276,39
277,51
278,47
279,51
280,43
281,40
282,49
283,52
284,41
285,36
286,35
287,35
288,35
289,27
290,36
291,44
292,42
293,34
294,30
295,36
296,55
297,57
298,53
299,36
300,46
301,59
302,54
303,58
304,51
305,46
306,40
307,41
308,43
309,48
310,53
311,51
312,44
313,50
314,56
315,57
316,53
317,42
318,50
319,48
320,51
321,55
322,60
323,52
324,27
325,31
326,38
327,36
328,36
329,35
330,49
331,48
332,40
333,31
334,39
335,45
336,45
337,45
338,44
339,42
340,51
341,43
342,43
343,45
344,44
345,45
346,34
347,42
348,40
349,44
350,37
351,27
352,24
353,34
354,38
355,41
356,40
357,41
358,44
359,36
360,33
361,28
362,34
363,42
364,43
365,38
366,43
367,35
368,35
369,30
370,29
371,30
372,40
373,42
374,40
375,38
376,36
377,40
378,41
379,46
380,40
381,49
382,41
383,37
384,40
385,43
386,40
387,32
388,39
389,45
390,47
391,40
392,44
393,48
394,47
395,46
396,45
397,39
398,37
399,30
400,32
401,40
402,40
403,36
404,37
405,41
406,49
407,52
408,41
409,34
410,35
411,41
412,48
413,48
414,50
415,46
416,41
417,37
418,51
419,47
420,45
421,38
422,50
423,45
424,42
425,37
426,37
427,42
428,44
429,36
430,34
431,30
432,33
433,43
434,36
435,35
436,38
437,45
438,39
439,33
440,32
441,32
442,37
443,47
444,52
445,50
446,53
447,57
448,50
449,43
450,44
451,45
452,42
453,53
454,48
455,43
456,44
457,39
458,34
459,32
460,30
461,29
462,32
463,45
464,40
465,34
466,39
467,44
468,38
469,36
470,40
471,48
472,49
473,58
474,50
475,36
476,33
477,31
478,36
479,30
480,30
481,34
482,32
483,34
484,34
485,42
486,43
487,38
488,35
489,36
490,37
491,43
492,45
493,39
494,37
495,28
496,24
497,33
498,38
499,50
500,45
501,39
502,36
503,45
504,46
505,37
506,40
507,30
508,28
509,32
510,39
511,45
512,40
513,40
514,35
515,39
516,38
517,30
518,33
519,34
520,38
521,31
522,35
523,46
524,57
525,44
526,36
527,38
528,40
529,28
530,31
531,38
532,39
533,37
534,37
535,49
536,46
537,46
538,49
539,53
540,49
541,47
542,40
543,50
544,45
545,52
546,48
547,42
548,43
549,35
550,30
551,34
552,45
553,46
554,52
555,47
556,39
557,33
558,37
559,41
560,40
561,41
562,49
563,53
564,63
565,64
566,53
567,47
568,38
569,32
570,23
571,32
572,47
573,49
574,49
575,40
576,44
577,37
578,42
579,41
580,43
581,38
582,37
583,35
584,38
585,40
586,46
587,41
588,40
589,47
590,46
591,44
592,32
593,33
594,47
595,48
596,46
597,35
598,32
599,34
600,36
601,35
602,38
603,35
604,40
605,42
606,36
607,32
608,32
609,32
610,33
611,36
612,42
613,39
614,36
615,45
616,43
617,36
618,35
619,40
620,43
621,39
622,41
623,39
624,45
625,46
626,41
627,44
628,37
629,44
630,53
631,52
632,42
633,34
634,44
635,47
636,39
637,32
638,26
639,28
640,27
641,29
642,38
643,41
644,40
645,36
646,33
647,29
648,39
649,41
650,47
651,50
652,49
653,47
654,48
655,44
656,45
657,44
658,45
659,42
660,37
661,51
662,46
663,41
664,43
665,46
666,38
667,34
668,40
669,43
670,45
671,45
672,46
673,42
674,38
675,36
676,34
677,37
678,39
679,32
680,40
681,35
682,43
683,38
684,37
685,39
686,46
687,53
688,52
689,36
690,35
691,33
692,37
693,42
694,39
695,46
696,40
697,32
698,34
699,38
700,41
701,36
702,38
703,43
704,45
705,39
706,40
707,35
708,44
709,55
710,53
711,49
712,49
713,36
714,33
715,39
716,44
717,53
718,51
719,46
720,41
721,40
722,38
723,40
724,47
725,50
726,52
727,47
728,40
729,37
730,45
731,48
732,49
733,39
734,43
735,40
736,35
737,31
738,38
739,46
740,39
741,34
742,42
743,41
744,30
745,31
746,31
747,30
748,42
749,43
750,32
751,33
752,41
753,48
754,44
755,39
756,36
757,38
758,37
759,28
760,29
761,34
762,34
763,35
764,31
765,36
766,30
767,37
768,35
769,34
770,34
771,40
772,37
773,38
774,33
775,37
776,48
777,48
778,42
779,42
780,38
781,42
782,42
783,45
784,50
785,49
786,47
787,50
788,44
789,42
790,36
791,31
792,40
793,42
794,35
795,42
796,35
797,30
798,36
799,34
800,41
801,41
802,45
803,43
804,38
805,42
806,40
807,42
808,38
809,37
810,28
811,32
812,39
813,39
814,39
815,31
816,38
817,39
818,38
819,36
820,33
821,37
822,39
823,34
824,40
825,48
826,50
827,45
828,35
829,31
830,25
831,36
832,39
833,37
834,38
835,36
836,31
837,32
838,35
839,47
840,51
841,47
842,44
843,43
844,38
845,36
846,45
847,43
848,38
849,35
850,35
851,38
852,38
853,32
854,31
855,36
856,31
857,39
858,47
859,47
860,48
861,40
862,33
863,37
864,42
865,40
866,40
867,40
868,37
869,37
870,39
871,43
872,40
873,48
874,39
875,35
876,35
877,39
878,36
879,36
880,40
881,40
882,31
883,35
884,30
885,38
886,42
887,46
888,45
889,41
890,37
891,33
892,40
893,41
894,33
895,30
896,33
897,34
898,35
899,41
900,42
901,39
902,40
903,40
904,38
905,38
906,42
907,31
908,32
909,36
910,43
911,41
912,45
913,50
914,39
915,39
916,34
917,43
918,45
919,46
920,47
921,47
922,43
923,41
924,35
925,35
926,36
927,31
928,41
929,44
930,36
931,34
932,29
933,43
934,50
935,44
936,39
937,40
938,38
939,33
940,42
941,45
942,49
943,42
944,43
945,38
946,34
947,37
948,41
949,41
950,35
951,42
952,35
953,38
954,38
955,40
956,38
957,33
958,35
959,32
960,44
961,43
962,46
963,44
964,45
965,38
966,41
967,52
968,48
969,45
970,41
971,40
972,39
973,44
974,40
975,33
976,34
977,44
978,38
979,44
980,39
981,47
982,52
983,48
984,43
985,43
986,38
987,42
988,40
989,38
990,36
991,42
992,40
993,32
994,26
995,40
996,41
997,37
998,32
999,38
1000,38
