1,14
2,20
3,23
4,33
5,37
6,47
7,48
8,54
9,58
10,63
11,72
12,77
13,83
14,85
15,88
16,93
17,99
18,101
19,105
20,110
21,119
22,125
23,127
24,132
25,135
26,135
27,138
28,142
29,146
30,151
31,158
32,160
33,164
34,167
35,169
36,172
37,175
38,176
39,177
40,181
41,183
42,189
43,200
44,211
45,215
46,221
47,225
48,229
49,232
50,234
51,236
52,240
53,250
54,256
55,259
56,264
57,267
58,271
59,275
60,278
61,281
62,286
63,289
64,294
65,299
66,304
67,306
68,308
69,312
70,313
71,316
72,321
73,327
74,334
75,338
76,344
77,346
78,346
79,351
80,357
81,365
82,368
83,380
84,386
85,392
86,395
87,396
88,398
89,404
90,409
91,411
92,416
93,422
94,425
95,430
96,432
97,433
98,443
99,445
100,446
101,449
102,451
103,456
104,461
105,465
106,472
107,474
108,479
109,481
110,486
111,490
112,492
113,497
114,504
115,509
116,510
117,514
118,518
119,524
120,533
121,538
122,543
123,549
124,553
125,556
126,559
127,567
128,570
129,572
130,575
131,580
132,583
133,586
134,587
135,593
136,595
137,602
138,604
139,605
140,610
141,616
142,623
143,626
144,630
145,634
146,639
147,644
148,647
149,650
150,652
151,656
152,661
153,668
154,672
155,674
156,677
157,682
158,684
159,688
160,690
161,693
162,697
163,703
164,706
165,710
166,717
167,723
168,728
169,734
170,738
171,745
172,750
173,752
174,752
175,755
176,759
177,764
178,768
179,770
180,771
181,775
182,781
183,782
184,784
185,790
186,797
187,803
188,811
189,820
190,824
191,825
192,828
193,831
194,836
195,838
196,843
197,845
198,847
199,851
200,853
201,851
202,849
203,853
204,846
205,845
206,837
207,839
208,840
209,842
210,844
211,842
212,840
213,837
214,836
215,835
216,837
217,832
218,834
219,832
220,834
221,830
222,830
223,830
224,829
225,827
226,828
227,829
228,828
229,828
230,825
231,820
232,824
233,823
234,820
235,822
236,822
237,822
238,825
239,827
240,827
241,826
242,824
243,820
244,812
245,812
246,811
247,811
248,812
249,812
250,814
251,817
252,817
253,809
254,808
255,810
256,807
257,807
258,809
259,810
260,811
261,810
262,811
263,813
264,813
265,812
266,812
267,815
268,819
269,820
270,822
271,820
272,816
273,813
274,810
275,811
276,815
277,815
278,821
279,817
280,816
281,814
282,812
283,803
284,804
285,807
286,807
287,810
288,811
289,811
290,808
291,809
292,810
293,808
294,809
295,810
296,809
297,812
298,803
299,807
300,817
301,815
302,817
303,817
304,815
305,814
306,808
307,809
308,806
309,808
310,808
311,808
312,812
313,809
314,805
315,802
316,803
317,804
318,805
319,806
320,802
321,798
322,796
323,796
324,797
325,796
326,795
327,790
328,795
329,805
330,807
331,806
332,808
333,811
334,814
335,816
336,817
337,813
338,813
339,815
340,813
341,811
342,807
343,810
344,808
345,810
346,806
347,805
348,806
349,805
350,805
351,802
352,799
353,797
354,800
355,798
356,801
357,798
358,801
359,802
360,808
361,809
362,808
363,804
364,802
365,801
366,799
367,799
368,800
369,800
370,805
371,805
372,801
373,805
374,808
375,814
376,810
377,808
378,808
379,808
380,813
381,810
382,805
383,806
384,806
385,803
386,799
387,797
388,792
389,784
390,785
391,789
392,794
393,797
394,795
395,800
396,798
397,795
398,792
399,788
400,792
401,793
402,797
403,794
404,799
405,797
406,802
407,803
408,796
409,793
410,790
411,789
412,790
413,789
414,793
415,793
416,789
417,793
418,794
419,798
420,796
421,795
422,793
423,792
424,795
425,796
426,799
427,796
428,798
429,794
430,798
431,800
432,797
433,798
434,802
435,803
436,807
437,810
438,808
439,810
440,811
441,813
442,811
443,808
444,808
445,806
446,804
447,805
448,802
449,805
450,804
451,803
452,803
453,803
454,799
455,796
456,796
457,799
458,795
459,796
460,797
461,800
462,794
463,790
464,789
465,787
466,786
467,782
468,785
469,782
470,786
471,787
472,792
473,795
474,791
475,793
476,786
477,788
478,788
479,795
480,793
481,791
482,794
483,795
484,795
485,786
486,786
487,785
488,788
489,787
490,789
491,788
492,786
493,782
494,784
495,783
496,787
497,791
498,792
499,790
500,781
501,786
502,786
503,783
504,785
505,789
506,792
507,792
508,793
509,793
510,790
511,789
512,789
513,795
514,793
515,794
516,802
517,801
518,802
519,799
520,796
521,797
522,798
523,795
524,793
525,792
526,792
527,793
528,787
529,777
530,774
531,776
532,777
533,778
534,778
535,777
536,777
537,778
538,779
539,778
540,780
541,778
542,777
543,776
544,777
545,775
546,776
547,778
548,776
549,777
550,778
551,782
552,783
553,782
554,780
555,783
556,779
557,783
558,782
559,780
560,781
561,778
562,776
563,776
564,775
565,778
566,778
567,773
568,774
569,775
570,769
571,768
572,769
573,767
574,768
575,763
576,767
577,768
578,769
579,770
580,767
581,769
582,772
583,777
584,778
585,779
586,784
587,783
588,784
589,786
590,785
591,780
592,777
593,775
594,773
595,771
596,771
597,773
598,777
599,781
600,774
601,775
602,772
603,771
604,767
605,769
606,765
607,762
608,766
609,765
610,769
611,767
612,766
613,769
614,768
615,772
616,773
617,769
618,773
619,772
620,768
621,767
622,766
623,767
624,766
625,768
626,768
627,769
628,765
629,771
630,766
631,767
632,768
633,767
634,770
635,768
636,766
637,764
638,765
639,763
640,767
641,766
642,769
643,769
644,769
645,770
646,771
647,768
648,770
649,769
650,768
651,769
652,771
653,777
654,782
655,785
656,785
657,783
658,787
659,786
660,787
661,783
662,786
663,789
664,788
665,786
666,785
667,786
668,780
669,781
670,776
671,776
672,774
673,771
674,776
675,775
676,775
677,773
678,776
679,774
680,773
681,772
682,774
683,774
684,770
685,776
686,777
687,781
688,779
689,778
690,781
691,786
692,785
693,788
694,786
695,784
696,784
697,780
698,781
699,780
700,785
701,782
702,785
703,786
704,783
705,782
706,784
707,782
708,782
709,782
710,784
711,784
712,785
713,784
714,789
715,789
716,785
717,785
718,785
719,786
720,787
721,790
722,789
723,791
724,791
725,791
726,796
727,797
728,800
729,804
730,807
731,801
732,801
733,798
734,802
735,797
736,797
737,798
738,797
739,799
740,797
741,798
742,801
743,799
744,802
745,805
746,807
747,804
748,803
749,803
750,801
751,800
752,801
753,803
754,803
755,802
756,807
757,805
758,805
759,807
760,804
761,808
762,812
763,816
764,825
765,822
766,822
767,822
768,821
769,819
770,821
771,819
772,823
773,824
774,825
775,823
776,827
777,826
778,826
779,827
780,828
781,827
782,825
783,821
784,826
785,826
786,822
787,824
788,826
789,827
790,824
791,827
792,826
793,824
794,827
795,826
796,829
797,831
798,831
799,830
800,833
801,834
802,831
803,830
804,831
805,830
806,829
807,831
808,833
809,836
810,834
811,833
812,835
813,835
814,838
815,837
816,835
817,842
818,835
819,833
820,837
821,836
822,837
823,840
824,846
825,850
826,849
827,849
828,849
829,845
830,849
831,848
832,852
833,854
834,852
835,852
836,849
837,850
838,850
839,852
840,849
841,850
842,848
843,845
844,845
845,847
846,846
847,848
848,850
849,848
850,851
851,847
852,843
853,842
854,838
855,837
856,842
857,841
858,835
859,832
860,832
861,837
862,841
863,842
864,844
865,846
866,850
867,851
868,849
869,851
870,852
871,856
872,856
873,863
874,863
875,863
876,862
877,862
878,859
879,858
880,864
881,864
882,860
883,859
884,858
885,853
886,854
887,848
888,850
889,850
890,848
891,846
892,845
893,847
894,845
895,847
896,843
897,843
898,846
899,847
900,847
901,847
902,843
903,844
904,845
905,842
906,840
907,839
908,838
909,838
910,837
911,839
912,835
913,832
914,829
915,829
916,828
917,829
918,826
919,827
920,826
921,822
922,822
923,819
924,820
925,825
926,821
927,817
928,820
929,820
930,820
931,823
932,820
933,823
934,820
935,820
936,824
937,824
938,829
939,831
940,837
941,838
942,836
943,835
944,837
945,834
946,833
947,838
948,840
949,840
950,842
951,844
952,842
953,842
954,841
955,842
956,839
957,838
958,840
959,839
960,836
961,835
962,835
963,833
964,828
965,826
966,826
967,830
968,829
969,830
970,828
971,832
972,828
973,827
974,829
975,828
976,824
977,828
978,826
979,830
980,829
981,836
982,838
983,842
984,837
985,836
986,835
987,834
988,830
989,832
990,833
991,835
992,835
993,835
994,833
995,831
996,832
997,828
998,828
999,829
1000,830
