1,21
2,38
3,47
4,47
5,38
6,35
7,35
8,35
9,31
10,34
11,38
12,46
13,45
14,35
15,35
16,40
17,46
18,45
19,46
20,41
21,39
22,36
23,36
24,32
25,38
26,43
27,39
28,39
29,35
30,38
31,41
32,41
33,45
34,54
35,47
36,40
37,43
38,43
39,43
40,37
41,45
42,51
43,51
44,39
45,34
46,37
47,29
48,26
49,36
50,40
51,37
52,29
53,34
54,49
55,52
56,41
57,37
58,42
59,54
60,50
61,50
62,36
63,35
64,35
65,44
66,41
67,42
68,44
69,40
70,32
71,40
72,38
73,41
74,43
75,36
76,43
77,35
78,33
79,36
80,39
81,41
82,41
83,43
84,49
85,48
86,44
87,37
88,33
89,31
90,30
91,38
92,36
93,33
94,27
95,35
96,49
97,48
98,42
99,36
100,35
101,31
102,32
103,51
104,59
105,52
106,33
107,38
108,47
109,47
110,36
111,38
112,43
113,47
114,55
115,44
116,44
117,50
118,44
119,47
120,44
121,38
122,39
123,38
124,43
125,42
126,42
127,44
128,33
129,36
130,41
131,39
132,40
133,46
134,48
135,38
136,49
137,46
138,41
139,37
140,42
141,51
142,52
143,50
144,43
145,46
146,51
147,50
148,49
149,40
150,43
151,46
152,44
153,31
154,38
155,43
156,42
157,43
158,44
159,42
160,39
161,39
162,34
163,42
164,44
165,38
166,35
167,36
168,33
169,37
170,45
171,44
172,39
173,36
174,47
175,40
176,41
177,40
178,39
179,43
180,52
181,52
182,47
183,38
184,30
185,34
186,39
187,34
188,42
189,40
190,49
191,46
192,44
193,38
194,33
195,40
196,39
197,33
198,32
199,29
200,28
201,39
202,44
203,43
204,46
205,37
206,36
207,47
208,43
209,41
210,31
211,38
212,46
213,48
214,53
215,48
216,46
217,38
218,40
219,53
220,58
221,43
222,36
223,46
224,54
225,53
226,42
227,49
228,40
229,39
230,40
231,38
232,32
233,34
234,32
235,30
236,37
237,40
238,44
239,32
240,34
241,35
242,35
243,36
244,40
245,42
246,35
247,29
248,30
249,37
250,45
251,43
252,48
253,52
254,53
255,58
256,49
257,49
258,44
259,41
260,43
261,44
262,48
263,42
264,45
265,54
266,51
267,47
268,45
269,59
270,51
271,55
272,36
273,45
274,44
275,36
276,29
277,39
278,47
279,47
280,45
281,33
282,36
283,36
284,40
285,45
286,39
287,34
288,33
289,32
290,37
291,42
292,41
293,44
294,38
295,36
296,32
297,35
298,44
299,51
300,42
301,45
302,39
303,38
304,43
305,40
306,47
307,45
308,41
309,36
310,39
311,41
312,40
313,46
314,42
315,33
316,31
317,37
318,38
319,36
320,38
321,34
322,28
323,30
324,41
325,45
326,45
327,45
328,49
329,55
330,44
331,41
332,44
333,47
334,45
335,46
336,52
337,42
338,43
339,39
340,40
341,39
342,44
343,34
344,37
345,37
346,45
347,37
348,35
349,27
350,30
351,33
352,39
353,34
354,40
355,44
356,34
357,38
358,49
359,44
360,46
361,39
362,47
363,41
364,30
365,45
366,47
367,37
368,34
369,36
370,32
371,31
372,35
373,44
374,41
375,34
376,43
377,44
378,42
379,36
380,34
381,30
382,40
383,34
384,32
385,33
386,32
387,48
388,52
389,55
390,50
391,44
392,37
393,39
394,44
395,39
396,39
397,44
398,44
399,41
400,38
401,45
402,33
403,38
404,43
405,46
406,45
407,45
408,42
409,41
410,42
411,46
412,44
413,37
414,36
415,37
416,40
417,35
418,43
419,47
420,47
421,39
422,35
423,26
424,24
425,27
426,29
427,39
428,53
429,47
430,42
431,37
432,41
433,37
434,36
435,34
436,36
437,32
438,37
439,42
440,47
441,44
442,38
443,34
444,44
445,46
446,45
447,50
448,38
449,39
450,43
451,43
452,46
453,36
454,29
455,27
456,30
457,41
458,35
459,43
460,42
461,45
462,37
463,37
464,33
465,39
466,38
467,43
468,41
469,40
470,40
471,43
472,40
473,45
474,42
475,43
476,37
477,40
478,51
479,57
480,41
481,37
482,38
483,38
484,41
485,38
486,39
487,33
488,40
489,42
490,46
491,40
492,36
493,41
494,53
495,63
496,61
497,45
498,41
499,44
500,47
501,41
502,38
503,30
504,31
505,35
506,34
507,36
508,36
509,34
510,30
511,37
512,38
513,41
514,38
515,39
516,39
517,42
518,40
519,34
520,33
521,35
522,34
523,44
524,48
525,44
526,41
527,49
528,46
529,47
530,44
531,40
532,41
533,45
534,58
535,56
536,51
537,43
538,51
539,52
540,39
541,26
542,23
543,29
544,35
545,31
546,39
547,43
548,44
549,42
550,38
551,39
552,44
553,47
554,39
555,39
556,37
557,37
558,37
559,41
560,37
561,45
562,38
563,43
564,36
565,41
566,35
567,34
568,38
569,47
570,43
571,43
572,47
573,39
574,42
575,34
576,43
577,44
578,40
579,31
580,29
581,39
582,41
583,42
584,43
585,46
586,38
587,36
588,33
589,29
590,41
591,43
592,49
593,40
594,41
595,40
596,48
597,52
598,43
599,40
600,33
601,38
602,41
603,36
604,37
605,54
606,53
607,55
608,47
609,51
610,48
611,38
612,41
613,45
614,41
615,50
616,53
617,44
618,33
619,33
620,41
621,38
622,43
623,42
624,37
625,33
626,31
627,36
628,37
629,42
630,37
631,31
632,31
633,38
634,37
635,45
636,49
637,51
638,38
639,48
640,34
641,26
642,40
643,43
644,44
645,43
646,52
647,48
648,46
649,37
650,38
651,45
652,44
653,47
654,44
655,43
656,38
657,35
658,41
659,39
660,37
661,48
662,55
663,52
664,32
665,32
666,30
667,33
668,36
669,32
670,36
671,34
672,39
673,49
674,42
675,42
676,34
677,39
678,47
679,48
680,37
681,35
682,37
683,36
684,37
685,32
686,40
687,45
688,45
689,46
690,55
691,45
692,40
693,30
694,34
695,37
696,34
697,34
698,38
699,37
700,36
701,38
702,40
703,48
704,42
705,48
706,48
707,45
708,39
709,41
710,39
711,37
712,46
713,45
714,46
715,40
716,32
717,28
718,29
719,33
720,41
721,46
722,37
723,33
724,44
725,44
726,43
727,50
728,48
729,46
730,46
731,38
732,38
733,37
734,40
735,46
736,49
737,46
738,40
739,49
740,47
741,39
742,37
743,30
744,33
745,34
746,34
747,35
748,34
749,44
750,39
751,38
752,27
753,43
754,44
755,46
756,42
757,36
758,29
759,28
760,33
761,33
762,38
763,42
764,47
765,47
766,48
767,36
768,37
769,42
770,45
771,48
772,46
773,48
774,41
775,48
776,46
777,50
778,39
779,44
780,52
781,62
782,60
783,55
784,45
785,40
786,31
787,34
788,41
789,46
790,37
791,41
792,40
793,38
794,44
795,47
796,48
797,43
798,43
799,47
800,40
801,43
802,35
803,32
804,43
805,42
806,44
807,34
808,27
809,26
810,32
811,40
812,45
813,40
814,40
815,50
816,49
817,42
818,42
819,42
820,47
821,42
822,44
823,49
824,43
825,26
826,40
827,46
828,44
829,44
830,40
831,40
832,37
833,35
834,32
835,31
836,29
837,30
838,42
839,43
840,42
841,41
842,40
843,35
844,35
845,38
846,38
847,39
848,40
849,38
850,40
851,37
852,36
853,39
854,37
855,44
856,41
857,37
858,43
859,58
860,57
861,46
862,37
863,36
864,31
865,32
866,39
867,40
868,37
869,37
870,38
871,45
872,41
873,33
874,26
875,31
876,37
877,46
878,43
879,46
880,40
881,43
882,34
883,37
884,40
885,47
886,41
887,38
888,36
889,38
890,33
891,31
892,40
893,46
894,46
895,42
896,33
897,32
898,37
899,40
900,48
901,51
902,52
903,53
904,54
905,45
906,43
907,40
908,44
909,39
910,45
911,35
912,33
913,42
914,47
915,42
916,40
917,40
918,34
919,39
920,41
921,38
922,35
923,40
924,32
925,32
926,37
927,42
928,31
929,34
930,36
931,35
932,34
933,34
934,38
935,46
936,38
937,43
938,37
939,38
940,35
941,36
942,35
943,34
944,36
945,38
946,34
947,33
948,35
949,36
950,45
951,48
952,35
953,37
954,33
955,40
956,35
957,44
958,55
959,47
960,51
961,51
962,58
963,51
964,38
965,42
966,43
967,46
968,44
969,43
970,37
971,41
972,36
973,42
974,37
975,41
976,41
977,37
978,37
979,35
980,43
981,48
982,51
983,38
984,42
985,40
986,42
987,40
988,42
989,45
990,41
991,34
992,37
993,38
994,37
995,34
996,38
997,41
998,42
999,50
1000,46
1001,34
1002,30
1003,43
1004,53
1005,43
1006,31
1007,32
1008,34
1009,36
1010,37
1011,40
1012,33
1013,39
1014,38
1015,48
1016,49
1017,41
1018,31
1019,31
1020,42
1021,38
1022,42
1023,46
1024,45
1025,46
1026,41
1027,38
1028,38
1029,41
1030,45
1031,34
1032,40
1033,49
1034,43
1035,42
1036,32
1037,39
1038,32
1039,43
1040,40
1041,37
1042,44
1043,46
1044,50
1045,47
1046,48
1047,46
1048,39
1049,33
1050,33
1051,34
1052,39
1053,39
1054,31
1055,36
1056,43
1057,45
1058,43
1059,45
1060,33
1061,36
1062,34
1063,31
1064,33
1065,36
1066,30
1067,31
1068,38
1069,43
1070,42
1071,39
1072,29
1073,26
1074,36
1075,42
1076,43
1077,39
1078,34
1079,37
1080,35
1081,41
1082,41
1083,41
1084,38
1085,42
1086,50
1087,47
1088,41
1089,44
1090,45
1091,48
1092,42
1093,40
1094,36
1095,43
1096,41
1097,41
1098,41
1099,34
1100,33
1101,45
1102,48
1103,47
1104,36
1105,32
1106,36
1107,43
1108,45
1109,44
1110,43
1111,31
1112,31
1113,38
1114,51
1115,58
1116,52
1117,41
1118,38
1119,44
1120,39
1121,33
1122,38
1123,37
1124,40
1125,44
1126,49
1127,43
1128,38
1129,40
1130,43
1131,45
1132,44
1133,44
1134,41
1135,45
1136,43
1137,44
1138,33
1139,29
1140,27
1141,29
1142,28
1143,28
1144,44
1145,49
1146,53
1147,44
1148,42
1149,38
1150,35
1151,35
1152,38
1153,48
1154,43
1155,41
1156,38
1157,33
1158,33
1159,44
1160,50
1161,42
1162,33
1163,37
1164,46
1165,43
1166,48
1167,43
1168,43
1169,43
1170,40
1171,43
1172,40
1173,46
1174,45
1175,30
1176,28
1177,37
1178,42
1179,40
1180,38
1181,45
1182,55
1183,52
1184,39
1185,43
1186,49
1187,46
1188,36
1189,29
1190,38
1191,42
1192,49
1193,49
1194,44
1195,44
1196,41
1197,36
1198,33
1199,40
1200,39
1201,39
1202,48
1203,44
1204,41
1205,38
1206,41
1207,37
1208,41
1209,43
1210,53
1211,46
1212,50
1213,44
1214,43
1215,39
1216,43
1217,49
1218,39
1219,48
1220,43
1221,41
1222,36
1223,39
1224,33
1225,37
1226,36
1227,40
1228,50
1229,45
1230,29
1231,36
1232,45
1233,43
1234,39
1235,36
1236,36
1237,46
1238,49
1239,42
1240,38
1241,42
1242,42
1243,38
1244,35
1245,37
1246,43
1247,40
1248,44
1249,41
1250,47
1251,41
1252,35
1253,37
1254,34
1255,34
1256,33
1257,33
1258,40
1259,43
1260,45
1261,40
1262,36
1263,36
1264,32
1265,28
1266,36
1267,42
1268,42
1269,40
1270,45
1271,48
1272,41
1273,33
1274,33
1275,43
1276,41
1277,36
1278,29
1279,43
1280,44
1281,50
1282,39
1283,47
1284,44
1285,36
1286,33
1287,41
1288,38
1289,37
1290,42
1291,41
1292,37
1293,37
1294,37
1295,42
1296,39
1297,39
1298,33
1299,30
1300,39
1301,33
1302,29
1303,29
1304,39
1305,42
1306,40
1307,45
1308,46
1309,46
1310,49
1311,50
1312,37
1313,34
1314,31
1315,38
1316,36
1317,30
1318,34
1319,41
1320,41
1321,27
1322,29
1323,29
1324,31
1325,36
1326,41
1327,45
1328,43
1329,47
1330,47
1331,45
1332,41
1333,44
1334,48
1335,45
1336,35
1337,35
1338,40
1339,40
1340,42
1341,43
1342,47
1343,41
1344,43
1345,35
1346,43
1347,48
1348,43
1349,43
1350,42
1351,36
1352,44
1353,43
1354,46
1355,37
1356,31
1357,36
1358,41
1359,40
1360,42
1361,45
1362,39
1363,25
1364,34
1365,34
1366,46
1367,50
1368,52
1369,39
1370,42
1371,37
1372,33
1373,28
1374,30
1375,38
1376,40
1377,34
1378,39
1379,37
1380,44
1381,45
1382,37
1383,40
1384,38
1385,46
1386,42
1387,37
1388,31
1389,39
1390,35
1391,35
1392,33
1393,38
1394,43
1395,42
1396,40
1397,34
1398,32
1399,36
1400,41
1401,46
1402,47
1403,39
1404,37
1405,38
1406,39
1407,41
1408,37
1409,28
1410,27
1411,35
1412,40
1413,39
1414,40
1415,43
1416,39
1417,46
1418,51
1419,49
1420,39
1421,34
1422,39
1423,38
1424,40
1425,39
1426,37
1427,42
1428,41
1429,44
1430,35
1431,35
1432,31
1433,31
1434,28
1435,34
1436,40
1437,45
1438,45
1439,41
1440,42
1441,52
1442,53
1443,34
1444,40
1445,37
1446,34
1447,41
1448,48
1449,45
1450,45
1451,29
1452,26
1453,37
1454,45
1455,46
1456,37
1457,36
1458,38
1459,35
1460,42
1461,45
1462,37
1463,39
1464,45
1465,52
1466,57
1467,46
1468,34
1469,39
1470,52
1471,49
1472,29
1473,33
1474,40
1475,41
1476,43
1477,43
1478,48
1479,52
1480,52
1481,38
1482,32
1483,28
1484,38
1485,43
1486,41
1487,44
1488,39
1489,40
1490,39
1491,41
1492,40
1493,44
1494,45
1495,40
1496,33
1497,33
1498,37
1499,36
1500,38
1501,39
1502,41
1503,36
1504,40
1505,49
1506,45
1507,40
1508,41
1509,35
1510,33
1511,38
1512,40
1513,38
1514,40
1515,43
1516,42
1517,44
1518,43
1519,30
1520,42
1521,43
1522,44
1523,42
1524,40
1525,34
1526,34
1527,39
1528,38
1529,44
1530,43
1531,37
1532,33
1533,33
1534,35
1535,35
1536,38
1537,46
1538,49
1539,46
1540,40
1541,43
1542,48
1543,40
1544,32
1545,37
1546,29
1547,43
1548,63
1549,60
1550,42
1551,28
1552,30
1553,38
1554,45
1555,46
1556,44
1557,40
1558,41
1559,43
1560,39
1561,48
1562,40
1563,31
1564,31
1565,37
1566,39
1567,39
1568,38
1569,43
1570,46
1571,45
1572,41
1573,44
1574,47
1575,47
1576,37
1577,33
1578,34
1579,41
1580,46
1581,40
1582,40
1583,36
1584,38
1585,38
1586,48
1587,47
1588,40
1589,37
1590,34
1591,42
1592,42
1593,33
1594,29
1595,28
1596,34
1597,33
1598,35
1599,33
1600,32
1601,39
1602,46
1603,42
1604,35
1605,44
1606,47
1607,47
1608,42
1609,43
1610,35
1611,33
1612,41
1613,43
1614,37
1615,40
1616,37
1617,33
1618,38
1619,45
1620,47
1621,49
1622,43
1623,41
1624,40
1625,48
1626,50
1627,42
1628,43
1629,43
1630,34
1631,35
1632,34
1633,32
1634,39
1635,40
1636,36
1637,34
1638,36
1639,43
1640,55
1641,65
1642,62
1643,48
1644,32
1645,32
1646,30
1647,35
1648,42
1649,51
1650,46
1651,38
1652,31
1653,32
1654,34
1655,38
1656,40
1657,35
1658,37
1659,36
1660,32
1661,36
1662,42
1663,44
1664,48
1665,42
1666,41
1667,37
1668,41
1669,41
1670,46
1671,41
1672,38
1673,39
1674,42
1675,44
1676,41
1677,47
1678,37
1679,33
1680,30
1681,30
1682,38
1683,36
1684,41
1685,38
1686,44
1687,47
1688,47
1689,50
1690,34
1691,34
1692,34
1693,37
1694,35
1695,35
1696,38
1697,35
1698,37
1699,49
1700,50
1701,41
1702,44
1703,47
1704,43
1705,40
1706,35
1707,31
1708,28
1709,34
1710,34
1711,33
1712,43
1713,51
1714,49
1715,52
1716,56
1717,44
1718,32
1719,31
1720,33
1721,39
1722,44
1723,37
1724,39
1725,31
1726,29
1727,44
1728,45
1729,46
1730,37
1731,37
1732,35
1733,34
1734,36
1735,38
1736,37
1737,39
1738,40
1739,42
1740,42
1741,44
1742,42
1743,41
1744,38
1745,34
1746,32
1747,36
1748,47
1749,46
1750,43
1751,48
1752,42
1753,48
1754,50
1755,42
1756,37
1757,31
1758,35
1759,40
1760,42
1761,42
1762,46
1763,45
1764,39
1765,44
1766,40
1767,34
1768,31
1769,42
1770,43
1771,36
1772,37
1773,38
1774,45
1775,52
1776,47
1777,39
1778,35
1779,32
1780,38
1781,43
1782,34
1783,39
1784,33
1785,35
1786,36
1787,36
1788,42
1789,38
1790,39
1791,41
1792,50
1793,50
1794,46
1795,44
1796,33
1797,37
1798,34
1799,28
1800,27
1801,30
1802,43
1803,47
1804,41
1805,40
1806,39
1807,34
1808,30
1809,29
1810,32
1811,35
1812,33
1813,36
1814,26
1815,34
1816,45
1817,38
1818,36
1819,36
1820,41
1821,37
1822,37
1823,39
1824,39
1825,42
1826,40
1827,40
1828,45
1829,40
1830,37
1831,33
1832,39
1833,35
1834,29
1835,33
1836,43
1837,52
1838,43
1839,36
1840,36
1841,38
1842,44
1843,36
1844,35
1845,29
1846,35
1847,34
1848,36
1849,39
1850,37
1851,43
1852,44
1853,47
1854,36
1855,27
1856,34
1857,47
1858,50
1859,46
1860,45
1861,36
1862,40
1863,44
1864,44
1865,48
1866,42
1867,38
1868,44
1869,44
1870,48
1871,51
1872,50
1873,37
1874,39
1875,42
1876,42
1877,44
1878,43
1879,40
1880,36
1881,31
1882,26
1883,40
1884,49
1885,46
1886,43
1887,34
1888,29
1889,38
1890,40
1891,44
1892,45
1893,38
1894,41
1895,36
1896,42
1897,36
1898,44
1899,50
1900,49
1901,40
1902,37
1903,42
1904,44
1905,36
1906,37
1907,36
1908,38
1909,35
1910,44
1911,41
1912,47
1913,39
1914,38
1915,44
1916,50
1917,49
1918,37
1919,42
1920,46
1921,49
1922,33
1923,31
1924,35
1925,36
1926,39
1927,37
1928,41
1929,42
1930,45
1931,38
1932,37
1933,36
1934,32
1935,34
1936,35
1937,47
1938,52
1939,46
1940,40
1941,46
1942,40
1943,31
1944,32
1945,33
1946,38
1947,45
1948,54
1949,52
1950,44
1951,46
1952,46
1953,49
1954,37
1955,35
1956,30
1957,33
1958,34
1959,33
1960,43
1961,45
1962,45
1963,46
1964,42
1965,43
1966,42
1967,41
1968,40
1969,50
1970,45
1971,41
1972,38
1973,38
1974,36
1975,37
1976,41
1977,45
1978,48
1979,39
1980,41
1981,49
1982,38
1983,43
1984,34
1985,34
1986,31
1987,40
1988,46
1989,35
1990,39
1991,39
1992,45
1993,38
1994,39
1995,39
1996,38
1997,43
1998,51
1999,47
2000,41
2001,36
2002,39
2003,40
2004,37
2005,38
2006,42
2007,38
2008,37
2009,34
2010,33
2011,36
2012,35
2013,34
2014,39
2015,40
2016,54
2017,49
2018,43
2019,39
2020,47
2021,52
2022,47
2023,46
2024,40
2025,45
2026,48
2027,41
2028,33
2029,37
2030,46
2031,40
2032,41
2033,45
2034,42
2035,32
2036,28
2037,34
2038,35
2039,34
2040,38
2041,43
2042,45
2043,52
2044,43
2045,33
2046,28
2047,44
2048,41
2049,40
2050,36
2051,39
2052,42
2053,42
2054,36
2055,32
2056,31
2057,50
2058,56
2059,50
2060,44
2061,32
2062,39
2063,48
2064,51
2065,42
2066,40
2067,42
2068,34
2069,38
2070,40
2071,43
2072,44
2073,48
2074,52
2075,51
2076,49
2077,38
2078,40
2079,41
2080,44
2081,46
2082,40
2083,39
2084,40
2085,33
2086,34
2087,32
2088,36
2089,39
2090,40
2091,41
2092,50
2093,47
2094,43
2095,44
2096,39
2097,38
2098,52
2099,53
2100,49
2101,49
2102,50
2103,53
2104,50
2105,44
2106,34
2107,32
2108,33
2109,39
2110,36
2111,34
2112,34
2113,36
2114,45
2115,40
2116,31
2117,33
2118,36
2119,37
2120,41
2121,43
2122,44
2123,45
2124,42
2125,37
2126,38
2127,41
2128,43
2129,42
2130,43
2131,48
2132,43
2133,36
2134,37
2135,32
2136,31
2137,31
2138,51
2139,43
2140,49
2141,41
2142,36
2143,36
2144,30
2145,34
2146,39
2147,41
2148,37
2149,41
2150,35
2151,44
2152,47
2153,47
2154,44
2155,52
2156,47
2157,50
2158,39
2159,40
2160,42
2161,48
2162,41
2163,36
2164,43
2165,49
2166,41
2167,40
2168,44
2169,46
2170,44
2171,41
2172,41
2173,33
2174,27
2175,30
2176,33
2177,38
2178,35
2179,28
2180,27
2181,31
2182,41
2183,38
2184,41
2185,34
2186,39
2187,39
2188,32
2189,35
2190,39
2191,30
2192,33
2193,31
2194,37
2195,31
2196,35
2197,36
2198,30
2199,34
2200,51
2201,54
2202,50
2203,42
2204,47
2205,43
2206,46
2207,39
2208,31
2209,34
2210,37
2211,35
2212,25
2213,25
2214,33
2215,35
2216,41
2217,42
2218,36
2219,31
2220,33
2221,32
2222,31
2223,39
2224,43
2225,42
2226,41
2227,40
2228,43
2229,41
2230,34
2231,28
2232,31
2233,40
2234,41
2235,41
2236,35
2237,41
2238,41
2239,33
2240,31
2241,38
2242,43
2243,48
2244,48
2245,45
2246,45
2247,41
2248,46
2249,54
2250,49
2251,40
2252,31
2253,34
2254,36
2255,34
2256,44
2257,56
2258,53
2259,46
2260,41
2261,33
2262,40
2263,42
2264,43
2265,41
2266,40
2267,48
2268,42
2269,34
2270,37
2271,35
2272,39
2273,38
2274,41
2275,42
2276,40
2277,36
2278,40
2279,38
2280,49
2281,45
2282,38
2283,38
2284,42
2285,38
2286,36
2287,29
2288,36
2289,44
2290,50
2291,47
2292,35
2293,40
2294,39
2295,43
2296,51
2297,55
2298,44
2299,44
2300,38
2301,34
2302,33
2303,32
2304,42
2305,44
2306,47
2307,44
2308,36
2309,33
2310,36
2311,40
2312,39
2313,41
2314,37
2315,29
2316,31
2317,32
2318,34
2319,50
2320,47
2321,35
2322,33
2323,37
2324,38
2325,37
2326,43
2327,40
2328,40
2329,41
2330,50
2331,43
2332,46
2333,32
2334,38
2335,40
2336,44
2337,36
2338,38
2339,36
2340,38
2341,39
2342,41
2343,44
2344,38
2345,33
2346,39
2347,42
2348,50
2349,47
2350,39
2351,33
2352,29
2353,24
2354,34
2355,42
2356,43
2357,42
2358,34
2359,39
2360,37
2361,34
2362,36
2363,36
2364,41
2365,53
2366,51
2367,44
2368,46
2369,46
2370,46
2371,40
2372,41
2373,43
2374,43
2375,39
2376,46
2377,51
2378,46
2379,37
2380,39
2381,38
2382,34
2383,44
2384,45
2385,40
2386,41
2387,35
2388,39
2389,39
2390,49
2391,47
2392,45
2393,43
2394,48
2395,49
2396,51
2397,46
2398,44
2399,42
2400,37
2401,29
2402,31
2403,32
2404,36
2405,39
2406,40
2407,39
2408,37
2409,41
2410,36
2411,40
2412,41
2413,46
2414,56
2415,50
2416,47
2417,44
2418,49
2419,40
2420,43
2421,39
2422,43
2423,48
2424,46
2425,42
2426,40
2427,37
2428,38
2429,36
2430,37
2431,43
2432,42
2433,40
2434,45
2435,43
2436,50
2437,34
2438,41
2439,47
2440,49
2441,44
2442,48
2443,40
2444,32
2445,28
2446,27
2447,34
2448,43
2449,41
2450,41
2451,44
2452,39
2453,42
2454,50
2455,51
2456,39
2457,39
2458,40
2459,39
2460,40
2461,38
2462,33
2463,40
2464,40
2465,48
2466,43
2467,43
2468,40
2469,44
2470,47
2471,40
2472,39
2473,43
2474,43
2475,39
2476,37
2477,32
2478,36
2479,41
2480,42
2481,47
2482,46
2483,58
2484,46
2485,48
2486,42
2487,44
2488,43
2489,42
2490,39
2491,34
2492,40
2493,45
2494,48
2495,50
2496,44
2497,41
2498,42
2499,42
2500,40
2501,44
2502,44
2503,41
2504,41
2505,46
2506,42
2507,44
2508,44
2509,45
2510,35
2511,38
2512,39
2513,32
2514,32
2515,34
2516,37
2517,42
2518,48
2519,36
2520,36
2521,37
2522,39
2523,40
2524,43
2525,49
2526,43
2527,40
2528,37
2529,37
2530,28
2531,32
2532,36
2533,40
2534,45
2535,39
2536,36
2537,39
2538,40
2539,41
2540,42
2541,38
2542,39
2543,36
2544,39
2545,42
2546,33
2547,50
2548,49
2549,38
2550,35
2551,41
2552,45
2553,44
2554,45
2555,41
2556,31
2557,25
2558,39
2559,44
2560,43
2561,47
2562,44
2563,35
2564,40
2565,42
2566,30
2567,31
2568,32
2569,27
2570,33
2571,37
2572,53
2573,53
2574,39
2575,34
2576,35
2577,38
2578,30
2579,34
2580,31
2581,40
2582,38
2583,36
2584,41
2585,52
2586,43
2587,46
2588,39
2589,42
2590,43
2591,48
2592,39
2593,34
2594,38
2595,36
2596,35
2597,43
2598,42
2599,40
2600,42
2601,32
2602,34
2603,41
2604,41
2605,40
2606,32
2607,34
2608,34
2609,41
2610,44
2611,37
2612,29
2613,31
2614,22
2615,34
2616,37
2617,41
2618,53
2619,44
2620,42
2621,36
2622,37
2623,41
2624,38
2625,38
2626,41
2627,33
2628,44
2629,44
2630,39
2631,34
2632,40
2633,50
2634,44
2635,34
2636,34
2637,36
2638,37
2639,38
2640,36
2641,35
2642,31
2643,27
2644,24
2645,30
2646,32
2647,33
2648,40
2649,46
2650,48
2651,39
2652,42
2653,44
2654,44
2655,35
2656,30
2657,28
2658,34
2659,36
2660,42
2661,46
2662,41
2663,46
2664,40
2665,37
2666,36
2667,49
2668,54
2669,57
2670,53
2671,57
2672,45
2673,38
2674,39
2675,36
2676,27
2677,34
2678,34
2679,35
2680,44
2681,47
2682,56
2683,54
2684,53
2685,50
2686,40
2687,49
2688,52
2689,54
2690,41
2691,40
2692,47
2693,49
2694,36
2695,36
2696,33
2697,45
2698,51
2699,49
2700,42
2701,44
2702,38
2703,46
2704,41
2705,47
2706,42
2707,48
2708,43
2709,45
2710,37
2711,40
2712,38
2713,34
2714,38
2715,37
2716,39
2717,39
2718,39
2719,36
2720,35
2721,36
2722,45
2723,40
2724,41
2725,39
2726,42
2727,43
2728,50
2729,44
2730,37
2731,37
2732,40
2733,51
2734,53
2735,52
2736,44
2737,49
2738,47
2739,44
2740,43
2741,46
2742,38
2743,47
2744,43
2745,45
2746,46
2747,36
2748,39
2749,42
2750,37
2751,29
2752,37
2753,38
2754,41
2755,43
2756,46
2757,50
2758,48
2759,51
2760,44
2761,40
2762,39
2763,51
2764,52
2765,47
2766,40
2767,39
2768,43
2769,35
2770,41
2771,48
2772,46
2773,38
2774,36
2775,42
2776,41
2777,22
2778,31
2779,37
2780,37
2781,36
2782,34
2783,32
2784,37
2785,30
2786,27
2787,28
2788,33
2789,42
2790,48
2791,43
2792,42
2793,37
2794,34
2795,29
2796,37
2797,44
2798,44
2799,43
2800,47
2801,41
2802,31
2803,33
2804,46
2805,45
2806,43
2807,39
2808,48
2809,42
2810,41
2811,41
2812,41
2813,38
2814,36
2815,39
2816,44
2817,35
2818,39
2819,45
2820,39
2821,34
2822,29
2823,38
2824,51
2825,45
2826,32
2827,35
2828,33
2829,30
2830,28
2831,32
2832,31
2833,32
2834,31
2835,29
2836,35
2837,51
2838,53
2839,44
2840,37
2841,39
2842,31
2843,30
2844,32
2845,37
2846,37
2847,38
2848,41
2849,46
2850,52
2851,47
2852,45
2853,43
2854,49
2855,38
2856,37
2857,43
2858,43
2859,35
2860,33
2861,31
2862,32
2863,38
2864,46
2865,54
2866,41
2867,31
2868,32
2869,25
2870,27
2871,34
2872,41
2873,39
2874,34
2875,30
2876,28
2877,32
2878,38
2879,32
2880,30
2881,31
2882,36
2883,39
2884,35
2885,37
2886,40
2887,48
2888,49
2889,40
2890,33
2891,32
2892,32
2893,37
2894,42
2895,57
2896,54
2897,49
2898,38
2899,35
2900,26
2901,35
2902,37
2903,41
2904,33
2905,30
2906,47
2907,46
2908,53
2909,46
2910,42
2911,42
2912,49
2913,48
2914,40
2915,36
2916,37
2917,43
2918,45
2919,52
2920,53
2921,47
2922,47
2923,49
2924,50
2925,55
2926,49
2927,46
2928,40
2929,47
2930,49
2931,44
2932,38
2933,39
2934,34
2935,42
2936,46
2937,49
2938,43
2939,41
2940,39
2941,34
2942,43
2943,40
2944,41
2945,34
2946,36
2947,41
2948,43
2949,41
2950,36
2951,42
2952,42
2953,35
2954,37
2955,43
2956,39
2957,38
2958,44
2959,42
2960,36
2961,36
2962,40
2963,48
2964,35
2965,35
2966,30
2967,40
2968,41
2969,35
2970,33
2971,36
2972,38
2973,39
2974,42
2975,46
2976,44
2977,43
2978,36
2979,35
2980,37
2981,32
2982,35
2983,46
2984,49
2985,45
2986,40
2987,39
2988,39
2989,40
2990,37
2991,39
2992,41
2993,46
2994,38
2995,28
2996,28
2997,36
2998,34
2999,35
3000,43
3001,46
3002,53
3003,58
3004,57
3005,49
3006,39
3007,41
3008,50
3009,48
3010,53
3011,41
3012,25
3013,28
3014,34
3015,39
3016,44
3017,35
3018,36
3019,42
3020,32
3021,39
3022,48
3023,44
3024,36
3025,33
3026,35
3027,29
3028,25
3029,33
3030,33
3031,41
3032,33
3033,37
3034,45
3035,43
3036,40
3037,24
3038,32
3039,39
3040,46
3041,51
3042,43
3043,48
3044,42
3045,44
3046,39
3047,32
3048,37
3049,32
3050,37
3051,39
3052,39
3053,34
3054,37
3055,35
3056,34
3057,33
3058,30
3059,46
3060,49
3061,43
3062,39
3063,40
3064,33
3065,41
3066,38
3067,38
3068,41
3069,38
3070,33
3071,40
3072,45
3073,46
3074,46
3075,39
3076,36
3077,45
3078,42
3079,39
3080,43
3081,43
3082,37
3083,41
3084,39
3085,44
3086,40
3087,42
3088,33
3089,40
3090,44
3091,47
3092,44
3093,33
3094,33
3095,47
3096,48
3097,47
3098,45
3099,46
3100,43
3101,42
3102,43
3103,38
3104,44
3105,56
3106,52
3107,48
3108,43
3109,43
3110,45
3111,49
3112,46
3113,40
3114,38
3115,46
3116,43
3117,37
3118,43
3119,46
3120,43
3121,36
3122,36
3123,38
3124,42
3125,47
3126,46
3127,38
3128,40
3129,37
3130,37
3131,30
3132,30
3133,33
3134,38
3135,40
3136,32
3137,41
3138,46
3139,43
3140,51
3141,43
3142,38
3143,35
3144,24
3145,31
3146,36
3147,36
3148,38
3149,39
3150,44
3151,44
3152,51
3153,43
3154,48
3155,44
3156,44
3157,43
3158,39
3159,38
3160,30
3161,27
3162,34
3163,38
3164,46
3165,38
3166,31
3167,35
3168,36
3169,45
3170,48
3171,47
3172,47
3173,37
3174,38
3175,28
3176,32
3177,35
3178,34
3179,35
3180,36
3181,41
3182,48
3183,53
3184,47
3185,34
3186,31
3187,34
3188,38
3189,36
3190,44
3191,53
3192,44
3193,42
3194,43
3195,38
3196,39
3197,37
3198,43
3199,47
3200,46
3201,44
3202,51
3203,56
3204,47
3205,37
3206,31
3207,35
3208,41
3209,45
3210,32
3211,24
3212,29
3213,36
3214,33
3215,35
3216,37
3217,32
3218,35
3219,37
3220,37
3221,42
3222,41
3223,44
3224,40
3225,43
3226,39
3227,40
3228,42
3229,49
3230,52
3231,50
3232,42
3233,38
3234,40
3235,36
3236,36
3237,34
3238,42
3239,42
3240,43
3241,43
3242,47
3243,50
3244,45
3245,45
3246,40
3247,37
3248,42
3249,44
3250,40
3251,41
3252,52
3253,52
3254,40
3255,29
3256,38
3257,38
3258,40
3259,39
3260,44
3261,48
3262,44
3263,41
3264,30
3265,27
3266,38
3267,38
3268,36
3269,31
3270,35
3271,38
3272,33
3273,31
3274,34
3275,36
3276,36
3277,36
3278,44
3279,51
3280,36
3281,36
3282,39
3283,47
3284,42
3285,38
3286,41
3287,43
3288,36
3289,35
3290,37
3291,36
3292,41
3293,49
3294,50
3295,39
3296,36
3297,34
3298,38
3299,39
3300,43
3301,40
3302,42
3303,46
3304,48
3305,45
3306,47
3307,47
3308,45
3309,37
3310,43
3311,40
3312,41
3313,39
3314,42
3315,32
3316,41
3317,38
3318,33
3319,35
3320,36
3321,34
3322,36
3323,42
3324,54
3325,57
3326,46
3327,39
3328,44
3329,46
3330,43
3331,42
3332,38
3333,44
3334,33
3335,37
3336,40
3337,36
3338,28
3339,27
3340,33
3341,31
3342,39
3343,37
3344,36
3345,31
3346,31
3347,40
3348,42
3349,37
3350,38
3351,41
3352,42
3353,37
3354,41
3355,37
3356,41
3357,42
3358,26
3359,26
3360,27
3361,34
3362,48
3363,43
3364,38
3365,29
3366,35
3367,47
3368,50
3369,38
3370,30
3371,35
3372,42
3373,37
3374,35
3375,37
3376,39
3377,42
3378,41
3379,37
3380,40
3381,39
3382,32
3383,29
3384,33
3385,37
3386,42
3387,30
3388,41
3389,51
3390,52
3391,52
3392,39
3393,37
3394,27
3395,25
3396,33
3397,41
3398,42
3399,41
3400,33
3401,32
3402,35
3403,49
3404,49
3405,50
3406,52
3407,52
3408,36
3409,35
3410,37
3411,37
3412,34
3413,44
3414,46
3415,36
3416,47
3417,51
3418,42
3419,36
3420,41
3421,48
3422,47
3423,46
3424,42
3425,34
3426,29
3427,29
3428,43
3429,47
3430,51
3431,44
3432,41
3433,41
3434,43
3435,41
3436,48
3437,52
3438,53
3439,42
3440,46
3441,47
3442,47
3443,43
3444,40
3445,29
3446,33
3447,41
3448,40
3449,44
3450,50
3451,49
3452,38
3453,36
3454,40
3455,40
3456,41
3457,36
3458,32
3459,40
3460,37
3461,43
3462,43
3463,46
3464,48
3465,49
3466,46
3467,34
3468,33
3469,37
3470,40
3471,44
3472,42
3473,43
3474,48
3475,42
3476,36
3477,35
3478,32
3479,35
3480,39
3481,35
3482,40
3483,36
3484,40
3485,44
3486,45
3487,40
3488,40
3489,44
3490,49
3491,53
3492,49
3493,44
3494,42
3495,37
3496,31
3497,34
3498,39
3499,46
3500,39
3501,40
3502,40
3503,47
3504,41
3505,38
3506,39
3507,40
3508,41
3509,43
3510,44
3511,34
3512,36
3513,40
3514,39
3515,40
3516,47
3517,47
3518,45
3519,52
3520,54
3521,44
3522,39
3523,34
3524,37
3525,35
3526,30
3527,33
3528,37
3529,40
3530,39
3531,35
3532,35
3533,37
3534,44
3535,41
3536,57
3537,52
3538,40
3539,46
3540,50
3541,55
3542,45
3543,49
3544,42
3545,33
3546,34
3547,40
3548,45
3549,48
3550,45
3551,40
3552,35
3553,42
3554,36
3555,36
3556,37
3557,46
3558,49
3559,30
3560,38
3561,32
3562,35
3563,26
3564,31
3565,29
3566,34
3567,35
3568,41
3569,41
3570,51
3571,47
3572,43
3573,37
3574,43
3575,38
3576,40
3577,39
3578,39
3579,47
3580,36
3581,39
3582,37
3583,35
3584,33
3585,35
3586,46
3587,40
3588,46
3589,39
3590,43
3591,43
3592,46
3593,46
3594,39
3595,45
3596,45
3597,44
3598,44
3599,45
3600,42
3601,46
3602,42
3603,53
3604,51
3605,42
3606,34
3607,30
3608,29
3609,32
3610,27
3611,40
3612,54
3613,50
3614,31
3615,34
3616,47
3617,42
3618,43
3619,39
3620,43
3621,41
3622,37
3623,34
3624,36
3625,37
3626,40
3627,41
3628,44
3629,43
3630,43
3631,40
3632,39
3633,41
3634,46
3635,43
3636,46
3637,42
3638,36
3639,35
3640,33
3641,36
3642,32
3643,34
3644,34
3645,32
3646,37
3647,35
3648,30
3649,27
3650,29
3651,33
3652,31
3653,38
3654,35
3655,38
3656,41
3657,42
3658,44
3659,41
3660,40
3661,42
3662,41
3663,40
3664,33
3665,23
3666,33
3667,38
3668,44
3669,42
3670,45
3671,49
3672,46
3673,38
3674,38
3675,41
3676,43
3677,37
3678,47
3679,44
3680,37
3681,30
3682,40
3683,42
3684,44
3685,51
3686,42
3687,39
3688,48
3689,47
3690,44
3691,27
3692,26
3693,29
3694,30
3695,27
3696,31
3697,39
3698,40
3699,33
3700,35
3701,34
3702,37
3703,42
3704,44
3705,42
3706,41
3707,43
3708,36
3709,31
3710,34
3711,35
3712,48
3713,41
3714,34
3715,36
3716,37
3717,39
3718,37
3719,34
3720,32
3721,38
3722,38
3723,31
3724,30
3725,23
3726,26
3727,31
3728,39
3729,47
3730,39
3731,33
3732,35
3733,37
3734,39
3735,44
3736,41
3737,38
3738,35
3739,41
3740,34
3741,34
3742,39
3743,41
3744,36
3745,38
3746,47
3747,40
3748,34
3749,40
3750,37
3751,39
3752,43
3753,38
3754,33
3755,34
3756,33
3757,34
3758,37
3759,45
3760,42
3761,34
3762,46
3763,51
3764,47
3765,42
3766,34
3767,35
3768,28
3769,30
3770,32
3771,42
3772,39
3773,42
3774,42
3775,37
3776,41
3777,38
3778,37
3779,35
3780,34
3781,37
3782,36
3783,37
3784,39
3785,43
3786,43
3787,43
3788,34
3789,41
3790,41
3791,42
3792,39
3793,45
3794,47
3795,49
3796,43
3797,40
3798,39
3799,48
3800,53
3801,43
3802,47
3803,45
3804,50
3805,57
3806,54
3807,47
3808,47
3809,48
3810,57
3811,49
3812,40
3813,36
3814,33
3815,31
3816,37
3817,43
3818,32
3819,32
3820,42
3821,35
3822,45
3823,42
3824,48
3825,53
3826,59
3827,42
3828,33
3829,41
3830,48
3831,48
3832,40
3833,37
3834,47
3835,47
3836,51
3837,39
3838,31
3839,36
3840,35
3841,31
3842,32
3843,43
3844,47
3845,41
3846,34
3847,30
3848,39
3849,46
3850,46
3851,49
3852,41
3853,30
3854,30
3855,43
3856,39
3857,30
3858,36
3859,45
3860,43
3861,44
3862,48
3863,42
3864,39
3865,36
3866,39
3867,40
3868,40
3869,36
3870,35
3871,47
3872,51
3873,49
3874,40
3875,41
3876,46
3877,42
3878,40
3879,36
3880,34
3881,35
3882,34
3883,32
3884,42
3885,47
3886,56
3887,46
3888,42
3889,37
3890,36
3891,42
3892,38
3893,34
3894,33
3895,40
3896,44
3897,40
3898,43
3899,43
3900,36
3901,31
3902,39
3903,48
3904,52
3905,50
3906,47
3907,45
3908,47
3909,30
3910,29
3911,25
3912,37
3913,40
3914,51
3915,45
3916,51
3917,44
3918,42
3919,32
3920,31
3921,37
3922,34
3923,43
3924,44
3925,37
3926,31
3927,34
3928,34
3929,40
3930,40
3931,29
3932,30
3933,33
3934,43
3935,41
3936,47
3937,42
3938,43
3939,43
3940,46
3941,43
3942,40
3943,40
3944,38
3945,45
3946,32
3947,36
3948,43
3949,38
3950,38
3951,39
3952,34
3953,33
3954,33
3955,38
3956,38
3957,40
3958,46
3959,43
3960,38
3961,37
3962,42
3963,41
3964,52
3965,48
3966,47
3967,47
3968,38
3969,36
3970,27
3971,30
3972,29
3973,37
3974,53
3975,53
3976,45
3977,37
3978,36
3979,37
3980,33
3981,47
3982,50
3983,45
3984,33
3985,42
3986,39
3987,45
3988,41
3989,37
3990,39
3991,39
3992,38
3993,38
3994,45
3995,41
3996,39
3997,38
3998,39
3999,31
4000,31
