5.1,9,9,18
6.099999999999996,19,4,23
7.0999999999999925,0,0,0
8.099999999999989,51,14,65
9.099999999999985,1,0,1
10.099999999999982,74,15,89
11.099999999999978,1,0,1
12.099999999999975,98,40,138
13.099999999999971,0,0,0
14.099999999999968,103,43,146
15.099999999999964,0,0,0
16.099999999999962,104,76,180
17.099999999999977,34,0,34
18.09999999999999,75,123,198
19.000000000000004,204,17,221
20.000000000000018,1,0,1
21.000000000000032,131,125,256
22.000000000000046,58,0,58
23.00000000000006,75,108,183
24.000000000000075,190,0,190
25.00000000000009,2,7,9
26.000000000000103,139,88,227
27.000000000000117,0,0,0
28.00000000000013,101,102,203
29.000000000000146,38,0,38
30.00000000000016,66,104,170
31.000000000000174,182,0,182
32.000000000000185,13,20,33
33.0000000000002,182,85,267
34.00000000000021,10,0,10
35.00000000000023,92,166,258
36.00000000000024,168,0,168
37.000000000000256,19,37,56
38.00000000000027,156,105,261
39.000000000000284,18,0,18
40.0000000000003,83,146,229
41.00000000000031,185,0,185
42.00000000000033,20,25,45
43.00000000000034,166,91,257
44.000000000000355,0,0,0
45.00000000000037,82,156,238
46.000000000000384,157,0,157
47.0000000000004,14,36,50
48.00000000000041,177,80,257
49.000000000000426,0,0,0
50.00000000000044,92,166,258
51.000000000000455,187,0,187
52.00000000000047,23,36,59
53.00000000000048,191,99,290
54.0000000000005,38,0,38
55.00000000000051,95,152,247
56.000000000000526,217,0,217
57.00000000000054,6,12,18
58.000000000000554,159,126,285
59.00000000000057,69,0,69
60.00000000000058,83,125,208
61.0000000000006,251,1,252
62.00000000000061,0,0,0
63.000000000000625,157,144,301
64.00000000000064,100,0,100
65.00000000000058,66,107,173
66.00000000000053,225,50,275
67.00000000000047,0,0,0
68.00000000000041,126,188,314
69.00000000000036,216,0,216
70.0000000000003,29,33,62
71.00000000000024,173,106,279
72.00000000000018,21,0,21
73.00000000000013,107,145,252
74.00000000000007,221,0,221
75.00000000000001,7,21,28
76.09999999999995,177,78,255
77.0999999999999,0,0,0
78.09999999999984,117,162,279
79.09999999999978,215,0,215
80.09999999999972,22,37,59
81.09999999999967,181,129,310
82.09999999999961,97,0,97
83.09999999999955,67,122,189
84.0999999999995,198,29,227
85.09999999999944,0,0,0
86.09999999999938,145,129,274
87.09999999999933,99,0,99
88.09999999999927,69,106,175
89.09999999999921,213,38,251
90.09999999999916,0,0,0
91.0999999999991,129,157,286
92.09999999999904,146,0,146
93.09999999999899,49,71,120
94.09999999999893,174,80,254
95.09999999999887,0,0,0
96.09999999999881,99,160,259
97.09999999999876,189,0,189
98.0999999999987,13,33,46
99.09999999999864,165,100,265
100.09999999999859,22,0,22
101.09999999999853,84,151,235
102.09999999999847,225,0,225
103.09999999999842,9,13,22
104.09999999999836,130,126,256
