5.1,1,10,11
6.099999999999996,0,8,8
7.0999999999999925,1,8,9
8.099999999999989,0,2,2
9.099999999999985,1,0,1
10.099999999999982,0,0,0
11.099999999999978,1,2,3
12.099999999999975,0,1,1
13.099999999999971,0,1,1
14.099999999999968,0,4,4
15.099999999999964,0,5,5
16.099999999999962,1,9,10
17.099999999999977,2,9,11
18.09999999999999,2,3,5
19.000000000000004,0,11,11
20.000000000000018,0,11,11
21.000000000000032,1,17,18
22.000000000000046,0,1,1
23.00000000000006,1,2,3
24.000000000000075,1,0,1
25.00000000000009,4,4,8
26.000000000000103,0,10,10
27.000000000000117,0,0,0
28.00000000000013,1,2,3
29.000000000000146,0,3,3
30.00000000000016,2,5,7
31.000000000000174,0,14,14
32.000000000000185,1,7,8
33.0000000000002,1,4,5
34.00000000000021,1,2,3
35.00000000000023,0,2,2
36.00000000000024,0,4,4
37.000000000000256,1,4,5
38.00000000000027,1,8,9
39.000000000000284,0,3,3
40.0000000000003,2,7,9
41.00000000000031,2,3,5
42.00000000000033,1,2,3
43.00000000000034,0,0,0
44.000000000000355,1,3,4
45.00000000000037,0,2,2
46.000000000000384,1,6,7
47.0000000000004,0,2,2
48.00000000000041,0,1,1
49.000000000000426,0,1,1
50.00000000000044,1,2,3
51.000000000000455,0,4,4
52.00000000000047,0,2,2
53.00000000000048,0,2,2
54.0000000000005,1,1,2
55.00000000000051,0,5,5
56.000000000000526,1,14,15
57.00000000000054,1,8,9
58.000000000000554,1,10,11
59.00000000000057,0,9,9
60.00000000000058,1,6,7
61.0000000000006,0,3,3
62.00000000000061,0,2,2
63.000000000000625,0,0,0
64.00000000000064,0,4,4
65.00000000000058,0,10,10
66.00000000000053,1,16,17
67.00000000000047,0,9,9
68.00000000000041,0,3,3
69.00000000000036,1,1,2
70.0000000000003,0,2,2
71.00000000000024,0,6,6
72.00000000000018,1,5,6
73.00000000000013,0,13,13
74.00000000000007,2,5,7
75.00000000000001,0,3,3
76.09999999999995,0,5,5
77.0999999999999,4,4,8
78.09999999999984,0,2,2
79.09999999999978,0,12,12
80.09999999999972,0,4,4
81.09999999999967,0,2,2
82.09999999999961,1,0,1
83.09999999999955,0,2,2
84.0999999999995,0,0,0
85.09999999999944,0,1,1
86.09999999999938,1,3,4
87.09999999999933,0,0,0
88.09999999999927,0,0,0
89.09999999999921,1,1,2
90.09999999999916,0,9,9
91.0999999999991,2,7,9
92.09999999999904,1,1,2
93.09999999999899,0,0,0
94.09999999999893,1,1,2
95.09999999999887,0,3,3
96.09999999999881,2,5,7
97.09999999999876,0,7,7
98.0999999999987,2,10,12
99.09999999999864,2,10,12
100.09999999999859,0,14,14
101.09999999999853,0,5,5
102.09999999999847,0,6,6
103.09999999999842,2,5,7
104.09999999999836,1,6,7
