5.1,9,0,9
6.099999999999996,0,0,0
7.0999999999999925,2,0,2
8.099999999999989,0,1,1
9.099999999999985,1,1,2
10.099999999999982,8,0,8
11.099999999999978,11,1,12
12.099999999999975,3,3,6
13.099999999999971,1,1,2
14.099999999999968,0,1,1
15.099999999999964,0,0,0
16.099999999999962,0,0,0
17.099999999999977,6,4,10
18.09999999999999,0,0,0
19.000000000000004,2,1,3
20.000000000000018,21,1,22
21.000000000000032,21,2,23
22.000000000000046,7,2,9
23.00000000000006,0,0,0
24.000000000000075,1,2,3
25.00000000000009,10,2,12
26.000000000000103,0,1,1
27.000000000000117,7,1,8
28.00000000000013,3,1,4
29.000000000000146,4,5,9
30.00000000000016,0,0,0
31.000000000000174,2,1,3
32.000000000000185,2,1,3
33.0000000000002,4,0,4
34.00000000000021,0,1,1
35.00000000000023,0,1,1
36.00000000000024,3,2,5
37.000000000000256,1,1,2
38.00000000000027,6,2,8
39.000000000000284,0,2,2
40.0000000000003,4,2,6
41.00000000000031,5,1,6
42.00000000000033,11,3,14
43.00000000000034,10,0,10
44.000000000000355,11,2,13
45.00000000000037,5,0,5
46.000000000000384,24,1,25
47.0000000000004,17,0,17
48.00000000000041,7,1,8
49.000000000000426,3,0,3
50.00000000000044,1,1,2
51.000000000000455,15,2,17
52.00000000000047,4,2,6
53.00000000000048,3,1,4
54.0000000000005,6,2,8
55.00000000000051,6,1,7
56.000000000000526,3,1,4
57.00000000000054,3,1,4
58.000000000000554,3,0,3
59.00000000000057,2,3,5
60.00000000000058,2,0,2
61.0000000000006,1,1,2
62.00000000000061,1,2,3
63.000000000000625,0,1,1
64.00000000000064,6,2,8
65.00000000000058,0,2,2
66.00000000000053,12,1,13
67.00000000000047,7,2,9
68.00000000000041,0,0,0
69.00000000000036,6,1,7
70.0000000000003,1,2,3
71.00000000000024,6,1,7
72.00000000000018,25,1,26
73.00000000000013,0,3,3
74.00000000000007,0,0,0
75.00000000000001,3,0,3
76.09999999999995,16,3,19
77.0999999999999,14,3,17
78.09999999999984,28,1,29
79.09999999999978,1,0,1
80.09999999999972,0,0,0
81.09999999999967,7,4,11
82.09999999999961,3,3,6
83.09999999999955,0,0,0
84.0999999999995,13,3,16
85.09999999999944,4,0,4
86.09999999999938,6,0,6
87.09999999999933,3,1,4
88.09999999999927,5,1,6
89.09999999999921,4,1,5
90.09999999999916,11,0,11
91.0999999999991,1,0,1
92.09999999999904,0,1,1
93.09999999999899,3,1,4
94.09999999999893,0,0,0
95.09999999999887,6,1,7
96.09999999999881,7,1,8
97.09999999999876,12,1,13
98.0999999999987,0,0,0
99.09999999999864,5,0,5
100.09999999999859,0,1,1
101.09999999999853,2,1,3
102.09999999999847,1,0,1
103.09999999999842,0,0,0
104.09999999999836,17,1,18
